0.000000 0.000000 0.000000 0.000000 0.000000 0.000000
2000.000000 0.094627 0.279733 0.137120 0.761393 1.398760
4000.000000 0.158713 0.360800 0.196933 1.040833 1.271627
6000.000000 0.222513 0.525033 0.278113 1.100880 1.447000
8000.000000 0.297293 0.692927 0.335600 1.131073 1.519286
10000.000000 0.369707 0.840960 0.418587 1.226707 1.612280
12000.000000 0.437120 0.998433 0.492000 1.020520 1.587047
14000.000000 0.502967 1.154640 0.568853 0.692473 1.779073
16000.000000 0.575047 1.311913 0.652780 0.768473 1.704240
18000.000000 0.656053 1.452213 0.717980 0.562180 1.802907
20000.000000 0.716800 1.608293 0.780673 0.534033 1.734220
22000.000000 0.780453 1.746747 0.859667 0.615733 1.795980
24000.000000 0.848353 1.902360 0.939927 0.696587 1.803800
26000.000000 0.919513 2.046393 1.014053 0.756133 1.705233
28000.000000 0.989880 2.218493 1.121800 0.821560 1.832693
30000.000000 1.054240 2.372333 1.178133 0.770133 1.819200
32000.000000 1.123067 2.510687 1.258893 0.921540 1.850373
34000.000000 1.191780 2.675700 1.350240 0.983387 1.883153
36000.000000 1.260127 2.828047 1.427407 1.117207 1.906013
38000.000000 1.342387 2.978187 1.496420 1.196853 1.895773
40000.000000 1.395667 3.118947 1.578160 1.368433 1.925180
42000.000000 1.468066 3.269953 1.683067 1.466353 1.857860
44000.000000 1.531213 3.418793 1.757747 1.371293 1.996627
46000.000000 1.602293 3.574160 1.843633 1.523107 2.040013
48000.000000 1.665513 3.717213 1.916107 1.672907 1.946074
50000.000000 1.731487 3.861460 1.990020 1.777840 2.026953
52000.000000 1.797293 4.029747 2.070053 1.895553 2.037427
54000.000000 1.874253 4.172233 2.153153 1.963840 2.072060
56000.000000 1.939033 4.304860 2.223853 2.142960 2.016667
58000.000000 2.009000 4.460127 2.304720 1.982980 2.130307
60000.000000 2.071860 4.599487 2.377220 2.133826 2.147687
62000.000000 2.153773 4.754187 2.447480 2.280833 2.141807
64000.000000 2.213993 4.895887 2.514413 2.255307 2.157887
66000.000000 2.286513 5.028500 2.589913 2.452733 2.179627
68000.000000 2.347307 5.185673 2.664127 2.303387 2.198473
70000.000000 2.418493 5.341853 2.736967 2.392600 2.184687
72000.000000 2.482573 5.504733 2.833027 2.432274 2.249580
74000.000000 2.551367 5.648354 2.897160 2.497493 2.245327
76000.000000 2.626807 5.783560 2.959220 2.765460 2.131280
78000.000000 2.698987 5.911607 3.043427 2.761380 2.133260
80000.000000 2.763213 6.078046 3.112060 2.812973 2.205573
82000.000000 2.829667 6.223180 3.194740 2.828300 2.128093
84000.000000 2.901287 6.360227 3.252353 2.967593 2.268280
86000.000000 2.964667 6.532627 3.331827 2.933720 2.341987
88000.000000 3.047533 6.672413 3.407633 2.912340 2.333267
90000.000000 3.115667 6.852440 3.499027 2.832853 2.354553
92000.000000 3.184567 7.024027 3.588520 2.762667 2.444294
94000.000000 3.239620 7.188227 3.666947 2.869187 2.408553
96000.000000 3.318413 7.326493 3.740333 2.908253 2.431040
98000.000000 3.372440 7.481447 3.820340 2.985973 2.475993
