0.307484 0.747063 1
0.535618 0.815192 1
0.838593 0.519186 2
0.218215 0.815975 1
0.395852 0.483947 1
0.492335 0.879405 1
0.8422 0.667972 2
0.346258 0.823023 1
0.744815 0.610807 2
0.22633 0.83007 1
0.639315 0.646045 2
0.288548 0.928739 1
0.788999 0.696163 2
0.438233 0.870791 1
1 0.573218 2
0.412985 0.85278 1
0.268711 0.847298 1
0.744815 0.663273 2
0.536519 0.478465 2
0.528404 0.754111 1
0.825969 0.557557 2
0.783589 0.722788 2
0.813345 0.626468 2
0.340848 0.913861 1
0.324617 1 1
0.770965 0.658575 2
0.706041 0.475333 2
0.660054 0.523884 2
0.281335 0.953798 1
0.870153 0.5787 2
0 0.685983 1
0.155095 0 1
0.293959 0.454973 1
0.503156 0.962412 1
0.133454 0.702428 1
0.0532011 0.32498 1
0.752029 0.590446 2
0.871957 0.666406 2
0.395852 0.931872 1
0.798918 0.638215 2
0.325518 0.712608 1
0.660054 0.669538 2
0.323715 0.79953 1
0.343553 0.844949 1
0.754734 0.613939 2
0.846709 0.630384 2
0.502254 0.890368 1
0.697024 0.586531 2
0.128043 0.361785 1
0.0667268 0.523101 1
0.308225 0.73968 0
0.770309 0.608813 0
