0 0.0000000000 0.9999999567
1 0.0000000000 0.9999999567
2 0.0022699965 0.9999999567
3 0.0566334844 0.9999999567
4 0.1707301428 0.9999999567
5 0.3040835496 0.9999999567
6 0.4262453730 0.9999999567
7 0.5277119090 0.9999999567
8 0.6088893876 0.9999999567
9 0.6731386752 0.9999999567
10 0.7240612900 0.9999999567
11 0.7647024118 0.9999999567
12 0.7974405138 0.9999999567
13 0.8240792466 0.9999999567
14 0.8459743896 0.9999999567
15 0.8641460347 0.9999999567
16 0.8793661217 0.9999999567
17 0.8922235430 0.9999999567
18 0.9031716645 0.9999999567
19 0.9125628328 0.9999999567
20 0.9206734739 0.9999999567
21 0.9277224453 0.9999999567
22 0.9338845536 0.9999999567
23 0.9393005920 0.9999999567
24 0.9440848597 0.9999999567
25 0.9483308435 0.9999999567
26 0.9521155479 0.9999999567
27 0.9555028240 0.9999999567
28 0.9585459484 0.9999999567
29 0.9612896371 0.9999999567
30 0.9637716307 0.9999999567
31 0.9660239496 0.9999999567
32 0.9680738966 0.9999999567
33 0.9699448606 0.9999999567
34 0.9716569673 0.9999999567
35 0.9732276072 0.9999999567
36 0.9746718671 0.9999999567
37 0.9760028852 0.9999999567
38 0.9772321438 0.9999999567
39 0.9783697127 0.9999999567
40 0.9794244513 0.9999999567
41 0.9804041786 0.9999999567
42 0.9813158160 0.9999999567
43 0.9821655075 0.9999999567
44 0.9829587216 0.9999999567
45 0.9837003388 0.9999999567
46 0.9843947250 0.9999999567
47 0.9850457954 0.9999999567
48 0.9856570690 0.9999999567
49 0.9862317154 0.9999999567
