-3.29937651496 -1.67845925372
-1.80162637364 -0.70220123559
7.56148315795 -2.45663040098
-0.989391301495 -2.28376190338
2.17195141848 -1.69432510541
-2.82718380269 8.29396057359
8.42268484372 2.53918199666
5.59741489967 1.77128085185
-6.81645620094 3.48215461617
5.57643024808 3.45008539064
-3.61033884151 5.1710919273
-3.13180868609 7.7672531959
-1.99820025547 3.98012352377
-0.362508956048 2.02240676334
-3.27256017163 5.17913665301
6.75019471955 0.698632120703
7.41793651751 5.47065225372
-1.87408507091 2.60697465268
0.814871747858 -1.53368215692
-3.34714715746 -3.46177095934
1.0923530582 1.85495329886
-2.26631202541 3.98450183944
5.6865040524 0.43597775554
-2.11363729001 2.46317360942
8.10602954994 0.773396916778
-0.267289417945 1.18771979485
-9.43191889281 5.37135463549
8.8343798455 4.57021196437
-2.00220254969 0.0912552037861
7.19180780206 1.66189535135
-0.704583570412 -0.480085857345
6.3127880451 1.0400090419
3.00324766711 -1.45232095648
-7.63289051644 4.93543401621
3.97146642629 4.51040054225
7.48206445117 8.28660547783
1.22988831026 -3.17679988678
6.67489595302 5.00563224447
-4.86834801206 1.27358053344
8.52852737739 1.63498310842
-4.12919177796 -0.872189022002
-3.04284793134 3.85514213967
-4.90993717585 4.43284304396
6.24863959775 -0.308937459189
-6.11534317149 5.23003630441
-6.66198600669 4.71449041611
-0.396377772551 0.986363135361
-4.23742372917 -1.44155530988
-1.30067641976 -0.382093274902
6.90714188822 2.32004493825
-5.01548868793 5.12124562431
-0.0988852512475 1.5692877322
5.55437967981 2.2176797341
-4.25452478434 6.85832583127
8.07465101898 1.64078519204
-5.90555942346 7.95444411777
10.1746286087 2.78665472864
-3.54789051704 5.5578570415
-6.29242081376 3.5130844499
-7.72725175269 4.02192068532
-2.43516878285 -2.99092786025
7.42117575876 3.27900991768
5.57424053177 3.9586753955
5.89416913713 2.89409182403
7.00227441032 6.34271815006
5.70947758954 2.32603763953
-3.79044822539 -1.22884088969
-6.94715147062 5.52598900084
6.71272734614 2.61816325149
3.33621187248 4.29314626337
-4.6968934544 6.25631360516
9.55288914876 2.99978431181
-3.33631282001 1.36943317578
7.20392340543 2.54754623482
-5.71386203309 2.84138309734
-3.52101939582 -0.0384789475498
-5.73341409407 6.2248095956
-0.539767454101 0.990115271227
8.2553958883 0.98466439399
-2.29438743403 -1.74368721789
8.88086309031 4.35382821282
-5.76022116473 3.91075313901
-1.02658950021 -0.654614684412
6.16594453804 10.137496859
-5.86606932257 2.88164505533
8.49579129684 5.17807572136
4.61482480513 -2.27666684426
-3.88679120231 4.09986993532
-2.96178435588 -0.357042637485
0.179370110278 2.82859416044
-7.71967416351 6.02959313342
1.90970481359 0.847561750279
-0.356409305061 1.33993944043
3.70301779909 -0.496178855382
-3.56887564418 7.81160215292
-0.105922384195 -0.372179839409
-3.85706263824 6.81877204645
-2.34348325576 -2.50624092797
6.41553480839 1.57999366549
3.7951637854 2.34120289743
-2.8853431912 -1.6230462068
0.392528050419 -1.77073142233
-4.25389432352 7.08607202941
-5.93604025331 6.8028031985
-4.38661184964 4.63033428341
4.32187986818 4.77074965656
4.86506106928 -0.320041265236
-1.44333250364 -4.89416939192
7.79597957986 3.2086320412
-6.85537357879 4.74559701365
1.95260491938 3.78634205005
5.13026209609 3.47583447509
9.47876565534 0.19313224604
-1.34745872377 -0.0870723239803
7.34116300826 2.62333467027
-2.64043868929 -2.58260626018
11.7323155729 4.44763587925
8.53330874691 5.56039359414
9.32085796974 0.377337538425
-5.96119752099 4.65215920855
0.91547755189 -0.600161851174
5.42130413328 1.38131817777
4.53640100474 1.69778023485
8.97776857049 1.02068059784
-5.51112996539 3.96873334863
4.08457748276 4.37934802105
3.96803524952 4.12044743447
-5.66039893965 6.27582892984
2.54837577287 5.39295621429
6.80735767382 2.4633400459
3.22140526993 5.85848819857
-2.45298860705 3.25553070446
-2.18411035366 0.0373132162798
-4.55896247105 5.19059805787
6.96454291594 1.75094197136
-3.77330740076 -1.1653407503
-4.30843931408 4.81598289696
-4.15381960914 5.54307837949
3.47971004138 2.52912000386
-1.06027246912 0.639103590623
7.83526156183 0.51620830156
-7.64997245177 6.47027862499
8.49390952041 0.993642187554
-4.66670084758 7.00141838752
-4.76434533349 3.11483723251
7.06989127091 2.67094237518
-7.22091111097 5.09542712039
4.30616304091 4.85795477333
8.25484709239 3.08886598109
-7.02430323189 5.25161251831
7.93003285287 2.02315232273
-4.09677330989 6.56749002677
-3.87384112909 5.32051802528
-1.72250250358 -2.57312149865
-4.52186879266 6.80480037894
-2.03981898275 0.923854350916
1.433481891 -0.118913051434
-5.19776061212 4.68234183256
-4.08629924119 -0.682496443703
-2.85797283327 1.58207794324
-0.944171880935 -0.829633660113
0.371343910952 0.111571392357
-5.35228333551 6.47573945268
9.01846240802 7.36180408317
-6.69457039939 3.31536652478
-0.333483199999 0.153887139572
8.48410009492 -0.151368913234
-2.20962581812 0.434541281026
10.804791251 0.896132572071
-1.7756560566 0.296541114446
8.12783151804 3.09757256792
-5.90566077637 6.64602876868
9.22098864242 1.66765064085
-1.73824086856 -1.15871531744
-3.54197018207 -0.431942016938
-4.1121798033 4.28989847151
8.31023196511 3.58559031812
6.03018673643 -1.64794920249
-1.30067493742 1.02025463402
-0.7070286953 -0.461697891713
-4.24986998364 5.43179086285
3.91151591071 -1.08566975239
-1.54152248907 -3.20112987835
3.47694400493 3.19676761883
4.84863592358 5.53183247367
-2.5598146114 4.7631176545
4.04234611741 4.17118186858
1.82116773139 4.99484672177
-4.76598298373 4.52036214327
3.22149883019 -0.164563654567
-2.40237340702 -0.421044546434
1.26397635098 -0.026979607115
2.70066425745 2.72976347153
-1.06564876374 4.53649163642
12.6947547057 4.7363073292
-5.22326065355 4.2497021106
-5.96506141266 3.0086361344
-0.187265104075 -2.3763255316
0.580826553793 0.0500967258205
6.16268282221 2.99205306678
-2.69412067048 0.140002757979
-3.96282120761 4.73993245165
-5.16507617514 5.16868436405
6.63337817326 9.71481314931
-5.6861367526 5.07146586685
-1.66433982488 -1.56730838035
8.66741448185 1.1620910506
-7.12471075183 2.70044995073
7.81559404553 4.20270871862
-3.92309035168 6.48241741397
-4.08927701893 4.42038582361
4.81236347822 3.0248758062
6.58274284738 0.976893206355
-3.2620875367 -2.00414384666
-6.65802710269 5.0199930526
-4.70763317062 5.33410776661
-6.45061820306 5.23358699236
8.25050224064 1.33859980871
5.13901102709 1.24768515616
-3.85304295922 4.24537682596
12.4084104654 -0.841064144077
7.84742886316 0.124329970027
-1.6823098015 -1.95948476575
-3.12642652643 3.30184671405
5.65254838189 4.25995104661
-5.10539902383 4.21285163638
4.21614783753 0.188484636837
-2.72480979663 -2.48884164042
-2.85196567452 1.53113393546
2.06499912227 -0.00968799924675
-1.22907578959 1.2209694584
-4.0658008551 6.32882797565
8.76201992804 5.36677383401
-1.41037809374 0.744374693716
5.2580065957 1.20136663238
-0.680311526148 0.207482182075
-0.443936184513 2.89087525778
0.998571768131 -0.676538027343
-5.20216047235 3.77719198935
0.535575471077 -4.89077721359
-0.273971559271 -2.36068619076
-0.834416991019 0.945971741989
1.03439049246 2.70973050118
-7.52218222838 2.42199734058
-4.28569573922 4.23377320295
-3.61936344863 4.44773458183
-0.941528326182 -0.405794070944
1.89704933806 1.1289005653
-1.26648508517 -0.40917396953
8.99373418173 1.98003452008
-1.82650698355 2.94459565745
-3.12208098646 -0.690450169811
-2.82057706284 -0.122947964324
-5.61091205076 5.1091950716
-0.929781120757 1.88214021022
-0.490015177166 -0.994871826436
7.18587329765 -0.0199436572627
8.90495356349 0.843968999251
-6.84273178283 5.24351955863
8.89982632186 2.11750956668
-0.545420551963 -2.21069631011
8.24878075543 3.73236995587
10.3649298249 2.75637851557
4.53499664161 2.29455521417
-2.21020432102 2.14603037651
-4.45423988801 3.6691584097
-2.49246081527 -0.765239339172
9.21172304567 2.26173898473
-2.83350352532 -0.248144378805
-2.73174191115 3.29711153259
-6.10237197912 6.05753707123
3.83833532108 4.944538638
-6.04143995613 3.51276446525
-8.46350769342 4.87914041865
8.26585456733 4.45163666648
0.552248000666 1.02303945396
-7.07008813128 4.68781503087
1.91169399504 0.843656740318
0.199913638412 -1.64233786725
11.155100329 4.8634347857
-4.15259489348 3.98990664479
1.38942237068 1.09280392273
-4.96714958247 0.736399863384
-3.52141817286 7.21685221811
1.65922513013 0.899094320696
-1.82614839425 1.21812253258
-7.26789204846 4.52844450703
-6.04749248789 4.95762318158
-3.87064177322 0.119765463993
-5.54279422152 5.82233609359
1.61420222823 -2.51356052274
4.81483205879 0.778853597345
2.31930983492 0.98528835464
3.56180405028 2.81510946921
-1.15400163024 -0.441943213492
1.41642333821 -0.147217336741
6.12734090418 0.946358458844
-0.863873284681 0.373808596119
-6.16050923114 4.49780998141
2.86505937388 -0.456628312
3.46062642755 3.24495516932
7.88412416027 0.840782906487
-3.01318598941 1.41716111201
-0.785534465387 -1.57959218457
-3.44136792099 1.98419816722
-4.68987737404 4.7926761996
-0.709670991949 -1.67121240263
0.208836897687 1.83475135826
-1.39278149108 1.68591194323
0.198500848064 -1.82155661386
7.94837151278 6.21820154487
5.20785444207 4.54616162527
6.95262701923 0.691556628036
0.719519978957 1.10862265173
-2.3733683678 -1.04285869444
7.58235644392 6.09453936106
2.57923888391 5.17821116454
-1.46128789009 0.369197473392
-0.142854863665 1.86155202502
0.862890836577 2.24389922356
-5.05416341599 3.22023142648
-1.98637498576 3.75967260342
5.08232554617 0.485369969555
-2.95296839651 -2.38450672729
7.19507813401 1.78600656251
1.46741863172 -0.269712134375
8.64093530894 3.55525896444
-0.476518967969 -0.316496418532
-1.90254572016 -1.47715345295
-2.43567724633 0.04430458132
-5.45480435811 2.64104822669
-0.528604354525 -5.51630471136
7.15840821599 8.09899685216
5.21743470843 -0.773648159426
10.0982675351 2.0071076537
9.44421788127 3.07698054534
-4.08870738871 5.29488483376
3.30318986257 1.26190233454
0.743806607069 2.08313227482
-7.53868414727 2.81074963884
-5.44680133715 5.86001016023
-2.10796344029 -1.20171727067
7.32778152809 7.53684670962
-3.41350679809 5.01861133228
5.60944622478 2.99633126364
8.52700666176 2.25130584903
-1.32363657712 6.61270390367
5.06242401707 2.46527272519
-3.00432931932 -2.35679246036
4.48617193859 1.61004820527
6.44461976938 2.28663165976
-4.58528184472 5.06078996245
-4.66469156793 4.52101875491
-1.55256212787 5.00490905779
-8.04176000137 7.36839593121
7.56585748415 4.87930270302
9.6442369206 3.16216591388
6.84132586893 6.53481091496
-2.93439415568 1.21979754232
5.91271801713 5.80824554134
-0.373660531575 -2.91077667536
9.64816451239 1.87025358243
1.03984254084 -1.62166109705
0.377642809409 0.45236030741
4.96621246613 3.81788180946
7.80153549113 2.82922798668
7.04461715912 6.20049175428
-0.945277867604 -2.01979949601
6.49558628718 1.39671170682
-5.17942722853 7.18453478117
-2.90878135564 7.85117844754
-2.10088333343 -0.500970377062
-5.65988099102 4.95044494413
-5.40332221857 1.99375999747
-4.71271332411 6.49055272999
10.1212078311 4.74371598456
-1.36178935618 2.53430274341
8.66995212767 -0.0549695949319
4.52460063335 7.61877870449
-2.92998215748 1.42639159438
-1.72880465452 3.58609026698
7.2758543261 2.27776312091
2.76313470417 4.43606568433
-2.4069155746 0.211907123842
-0.0950108848677 -1.75172424766
-4.03076520951 1.35515877553
9.3274571655 0.834120405287
-5.68549348734 0.807797148351
-0.287258075742 -3.0911286679
6.2962288396 -1.44826677997
-3.13113062448 -0.606411134128
-1.61318224587 -0.664821922381
6.94901023818 -3.05771521632
-0.277012085512 2.72765165802
4.83771215879 5.0045949283
-7.34010781859 5.04018231095
1.98169374818 -0.0488297016369
-6.14264987618 5.74756329398
11.4636177231 1.46481108017
9.22082664972 2.64895333916
-0.754151450776 0.755023174538
5.28879144579 0.8550427967
-1.56086608204 3.01021802093
-6.14057930319 5.6908029554
-2.10609783529 -1.60174695317
-6.06214691591 5.51778122139
-5.54449660886 4.0226570845
-0.427519523943 2.42464475009
-1.57069740987 -0.410247447326
6.09571158718 5.11584024008
1.70186298745 1.5981589987
6.88598605553 5.14466384789
8.64223340405 2.12774849841
-5.43715031214 7.4800086099
-1.85628660936 0.401930681629
-7.20419862324 3.21734490552
1.27583709994 1.07915178009
-1.91076228453 0.900721638327
9.04023434736 4.55072480264
3.03550787485 6.11706401395
-3.7924510828 -1.24524245767
-2.33644718921 0.158848049394
-7.25273941973 3.84528895478
-4.1185147367 2.04825028701
9.15056783444 3.93168951065
-1.91561806082 6.19452514969
2.60710320191 1.90662348833
-3.08772108063 -3.36281292491
-5.9519786363 5.01657972991
5.17482499165 4.95373974392
-2.83736385432 -2.68714122574
-4.92708762733 6.54695445286
-2.20461497422 -2.07320538139
4.19833339925 5.5081868701
2.39219841572 5.38438134111
9.75058218969 4.26331201868
-4.72752070949 5.92095878254
7.67067928127 3.76409225732
-4.35991924962 2.24141168161
-3.38976128225 4.86272757391
-0.73571959227 1.42236082686
3.49502352704 7.85081753476
-2.54601726445 -1.8283465827
-2.33597470528 2.78233889697
-6.59462806545 6.56816256542
-0.279506989196 -0.947002682488
-5.61366983727 5.8149373849
-4.09646566291 4.58186731701
5.68651673906 5.24735476218
-1.28254809402 -1.8834379878
9.56683595251 0.792936042363
8.0418289208 4.1649294702
11.1201210596 1.36159963872
-4.76907947417 2.66794778542
-6.00277012736 3.72678564316
-0.687003598054 -1.55600758819
5.92872466911 7.13626070736
-2.13477598865 3.63460022751
7.63679042736 -0.573793416556
0.186731785065 -0.232914879058
-4.00174491693 5.82665381521
5.26006317437 1.37153441339
-0.935258111513 -0.0990629764864
-3.40676516436 7.08379829827
3.41500949717 1.01993917395
-6.08681990263 7.79159082474
-3.25266792646 -2.11335032673
9.57894995898 2.89685206637
3.54898123294 1.64197474676
12.5496655418 1.4134132897
-6.97784222051 4.54714632757
6.99509386532 3.43973539227
-2.70578687719 -1.71529864819
-7.7795815046 3.97475697523
-4.76072799404 7.43820352915
8.57676646064 0.144001636016
-5.37294352885 3.501275241
-2.72070914572 3.56840086449
-5.30426422736 5.13926184405
6.51929199285 1.64034632198
-3.28844210856 1.93975392238
0.309765917499 -2.04234163742
-0.335099186908 0.838517728681
-5.19776833139 2.59192758838
-6.1158764779 3.95201294205
-4.9679070384 6.64663110936
-5.1690761296 5.95989949146
4.90485250022 -0.372316992947
5.80167413103 3.86362160422
2.74822171981 2.44214025901
9.95849814452 1.18628988575
9.32059241501 1.56023849126
-6.64521843141 3.96372270841
8.34965408215 4.58293598514
-0.291206632701 0.505424589621
-2.56849167725 1.99661205473
7.28300193225 1.93281586696
11.2457204554 1.6834650628
5.93475554587 6.26913397763
7.04302979313 2.11730927552
6.93067798929 3.14871009155
-4.1712524397 6.26231837248
-0.545851469209 2.36058517215
8.23546404267 3.70450116373
-4.36419708881 4.85915483973
7.52723350098 2.96494123684
6.24980687417 1.83074094363
0.272356141948 1.36247384126
-1.51377467336 -0.598749910524
-2.49270794251 1.50465306293
-0.175515120044 -0.344044973717
-0.200651863287 0.581167647195
-7.79706760051 6.38966461508
-1.48705307116 -0.143974089781
-5.97455219461 2.69908249778
-4.23040134628 1.81409918795
5.89403945235 7.26711303104
-1.99489340593 2.18502736377
-6.39674917814 5.26308693381
-2.81585127623 -1.45805798199
-5.30924469089 3.58367937911
9.09023266033 -1.30506313675
-1.54597804781 -1.34868488867
-5.82891112205 2.50270732876
-4.86965823297 6.68965527837
7.93330181334 -0.149628733639
9.27197986535 5.29954676842
-2.18120197343 -0.909034807772
0.596749899129 3.23685762009
-4.12752202454 6.86665494251
-5.42427673764 4.53810055969
0.143678562462 -0.148556578876
-4.33531242233 0.473189530012
-1.67816555129 2.87620776796
-3.41843221774 3.94627916245
-5.03202763193 6.43389503575
5.93544665713 0.872354544146
2.35978781583 -0.266407388634
-5.16876593035 4.41643743851
0.787484340887 0.61401046642
-1.10586570211 -2.03573396207
-0.221811936444 -0.788497337766
-1.46154748777 -0.236077876497
-5.16048175952 5.3777714558
-4.05500362271 3.9843798068
5.49430727797 2.68714899604
7.22864011679 0.137338361406
-3.28950178944 2.6178751135
-4.80501817716 5.04983650877
6.8391200933 2.43226610026
6.74451934202 5.01049824958
-0.549656962742 -0.829745948161
-5.54984142163 3.79638044406
8.04887562363 1.51062186003
-0.801146595602 -0.717931976446
8.48747479438 6.77173563893
10.1926901616 0.351009049495
-3.97617436874 6.05093904334
1.59290374318 -0.573725757437
-2.81949061997 2.9775691827
0.726429087535 -0.92521580968
-1.69198806779 -0.13918601632
-4.87041026882 5.68820646466
-1.51009135023 0.447034554288
-0.909056752907 1.13983273543
-0.0858063216655 0.451966958627
-2.49315774038 4.04991739984
0.0224663347218 -0.709771791679
-4.8622205318 4.65044539439
1.26754260962 1.11347078419
11.6777525558 0.642702863416
10.6651450143 0.676511291556
-2.01566781008 0.343203559971
7.6879861212 5.58727137248
9.94612168972 5.95278264994
-3.01901591059 5.14845533558
9.43987649983 1.5031785279
-1.21657636132 -0.199605055385
-3.69994968271 5.01310263245
-4.30230732445 3.42565860647
-1.44269401136 0.745826097456
-5.88208233456 3.62320133816
-4.97840493699 4.75363643144
1.01762092256 -0.116773550262
-1.67806493513 1.86547100011
-4.27691968479 7.48805719536
6.70914009456 2.26827328312
1.33166559873 2.75697059337
-0.534905857604 -0.2751124142
-2.25993947503 5.53569569304
-2.211685863 -0.3159229292
-7.31834036606 6.96570503147
-1.25247902993 0.857701451292
-4.73717785742 6.42043994134
-1.56508276115 -1.03100195616
-6.97086770418 3.66917627079
7.08404632081 0.466558584512
-2.32294988745 0.0805890984076
-1.20128278033 0.25804525463
-2.78947528975 1.21405182626
0.0159433380641 -1.76558469779
5.77517832754 -0.25646736726
7.92168092998 3.52980508792
0.0569052338057 1.25058446216
8.91790338959 2.82983049319
3.29157837257 1.3006501643
-7.04129442016 5.49950177609
-1.50269642672 -0.422153579152
8.07095771975 2.46397610802
-1.76079328103 -3.56035221005
8.74330413531 6.63792628509
3.8114866451 4.37752529201
-5.78439960905 6.17941349813
-3.77570690948 5.08739268852
3.12734576954 5.13014972499
8.53520398992 5.08532622473
-4.56139435189 6.11786305132
-3.71035704978 4.9341983189
-3.06790219352 1.31402684222
4.80875205114 -1.31636714296
6.55989305586 3.91274720421
8.1491743705 4.64343659283
-3.94975871252 5.72584327637
2.94483991404 2.95384588166
1.13408671209 0.866606025591
0.872809257774 -2.13768002249
-5.1259730958 5.51147382067
9.9908931652 1.67060732687
6.78517441529 1.39418111191
2.51092526955 -0.448349953922
-0.523999043425 1.54217865942
-4.22714423801 6.09162493487
-0.076192469514 -0.700242735153
3.57630413248 0.274722565587
-4.5351106821 5.57140146537
7.42960296855 8.64860675548
-4.7868173097 5.83133045846
7.26313512175 3.13678495413
-0.185229361142 0.960515377197
8.66693141158 3.38230869157
-2.47669003542 4.75929234453
-2.41578726173 3.177756247
7.63580284737 1.77839389123
-5.48322969029 8.35512948022
-5.14547647977 5.26032076333
4.79315889169 1.7702369766
7.5570915427 3.69177002466
7.12792841425 1.69449887395
0.296433074627 0.403827010772
4.37526064418 2.44243541979
-6.48158691924 2.3250266012
-3.10287957403 2.38889986023
1.97006986122 0.540404009512
-2.5038913333 -0.561468383954
-3.78581983206 -1.85572589149
-5.46238933216 3.55415563616
0.185658117047 0.561015194588
3.59947524364 7.43158098614
5.53892539704 0.855166024493
7.79841524597 0.917693111383
-1.11799596988 1.25534932143
-5.30806817807 6.05299032576
5.9168473043 5.9824457085
-2.02932057985 1.29797962671
5.42065993188 5.00263143426
2.05700716041 0.384160524004
7.88781929305 7.14925996563
-1.68073809002 -2.15866608831
5.823761337 5.25279216236
-3.80754151172 1.9630000535
1.83409342799 -2.12749973974
-0.689050597344 -0.577291169489
-6.03687609747 -2.44928232366
-6.45917675099 6.02357755206
-6.24429982659 6.82334690097
4.39741857228 3.75269220112
-5.27347348569 3.64106310071
1.27492275167 -0.797347078068
0.170209583012 1.17485291797
8.98563490062 4.81297217378
-3.79184561032 4.90549535429
5.00437542609 0.983588974605
-1.33079404668 -1.99129766791
3.79396429184 0.840026541066
-6.0628583315 5.45318811885
-3.58714420731 3.97084533991
9.98770472068 3.0177959212
-5.7458445 1.99007113581
-1.22359641392 1.30201531171
-5.35970066973 2.53600412397
-5.39873270988 6.06421951347
-0.940494229744 0.965912320558
-6.008334528 8.06983302145
-4.12731625155 -0.583646853356
-5.36699321826 6.50261578649
1.33057888493 -1.30861182166
-5.51867273521 4.83102557363
8.73372322946 0.332021630133
-0.184943917744 -3.61732784903
2.30787273295 1.26109506218
-1.99202870738 0.634931717037
-3.98654900285 3.45427148312
-0.642370042225 -0.309800204967
4.08982046984 -0.304381450816
-7.9988209185 5.97456816507
3.58308433846 4.18094026167
0.547785407691 3.00630297993
9.39591011517 -1.35593832789
6.48848581975 5.52542526245
11.5827588595 -0.186011381492
-0.64428470733 -2.74050003991
-4.1121874971 5.77498630903
-8.62280675878 4.30789144375
7.19758788682 2.44585156944
1.01277569336 -2.53887750202
-3.53817652936 1.92695569639
7.86583877878 6.08410019868
-1.94211527614 3.02685279566
8.10329997862 0.512644389755
-1.30979593511 1.60639279977
-4.03924247204 2.9190203915
-4.45889307869 1.32896472341
5.56147728544 4.16195947845
-1.07398707766 -0.984777929073
8.15122369019 1.80907637187
-0.696373103031 1.9872872155
-4.52893435195 5.92886745568
-5.6675580951 7.67308133874
-0.874592507436 1.46091617849
-7.39726197713 4.9672020079
-6.52604049469 6.27686343261
-3.51426444384 4.76034922291
-2.44158479756 0.325009836567
-6.53370881603 5.07133136916
-5.43137416013 3.27752991486
0.657190749951 0.994410883037
-8.31200991492 7.98466209296
-4.97612476423 2.25004126035
-4.49538250007 6.88925580542
7.39357977597 4.99332207471
6.89936231533 0.371203116641
-5.33556335957 4.50084611138
-3.4040274281 5.32434538166
3.88962332545 1.00021742373
-1.52713343882 -3.0000529368
8.03347853485 2.00469212874
-2.67701944483 6.99769665853
-4.75540847951 2.82361409238
2.66910025707 0.471793558726
-7.72274328576 3.99768606993
-3.05472328167 1.25017026614
-4.54241953186 5.27719890226
-3.71846750005 4.4874199409
-5.26975056383 4.475496963
0.552443911096 -0.22229127086
-4.18553034052 3.56029944336
2.40983980738 3.34662224019
-6.98332099791 7.11932431618
9.77081202699 7.34101105498
-2.37964684969 5.19046749326
-1.3245290541 1.20098320667
-0.05411402868 0.0313912157531
-0.546629244993 -1.54385827895
5.39451776592 6.03070213439
0.350874423139 0.578427581929
-1.39670658923 -1.13092447578
1.02683057322 0.217378990815
-6.75477535265 7.97931106289
-6.15031783225 4.43412340527
9.39678617942 -2.00087630798
6.67400142392 3.68322533291
-4.15204300743 0.616432781968
6.23840580411 5.58115018218
-5.36067190794 5.46513961226
-1.21264031396 -1.52607221446
-1.95557331634 -1.05695919573
1.15384146303 -0.25107417171
-3.38591815001 -0.878318914923
10.6957512944 2.7722379538
12.2085557346 4.69071480404
8.06202472704 4.75551674101
-2.41849503018 3.84950034068
6.92673205994 0.435543918259
-3.1391123674 8.00363543307
10.3037741879 1.66444115669
4.64812325138 1.9406851004
-4.92111109749 3.09038385569
6.09557059523 2.5953446895
3.04780167441 3.58679719616
-1.40802492888 -0.0662173087215
5.91681014543 -1.21820218963
1.21124121129 -0.284253365113
8.0451156777 2.36601452813
3.60540115542 2.0641717028
-4.20621243813 3.28073060608
2.94056912961 0.259159096728
-4.87223395814 6.63036078569
-3.66309872384 5.44266795795
4.28146380545 1.59761553333
-5.10701279084 2.32065279191
-1.88514921861 1.47400461604
-3.94127462765 8.05544608326
8.65520934919 3.76397661356
-4.73892685841 5.25963400502
-2.4911710483 1.82057680067
5.38748326366 3.31680091689
1.61735971373 2.309129894
7.78967579895 4.40332936841
1.37028170499 -2.63007260511
-4.48379775559 6.89493004417
8.79650723947 4.30253324465
-3.24020520761 2.83485738597
7.6803493079 1.87546505189
0.547052594949 4.93064236003
-3.69495199312 2.16523683566
2.29542200467 1.80644326383
-0.640210383494 -2.84652034376
-4.19580647732 6.43771920644
8.86581943946 3.13487499856
4.69224238061 1.50732831451
7.49280183736 4.02845926359
3.22494366622 3.23984985603
6.48158200133 4.28438445094
0.702874833257 -1.98547568033
9.06020620711 7.4993863005
6.06781970238 0.91001949097
0.425827015232 -1.00583866363
-4.53756708579 7.43294839998
6.57766180907 -1.49768996888
-5.28115887389 5.56659163882
10.0206574643 6.15028719935
9.74344943725 2.12567465314
1.42954018574 0.103552222094
-3.40879234637 3.18067730504
-5.53852941795 3.69781631772
10.9394816575 5.11928542488
-2.33634340595 1.04013297001
9.44994661766 -1.46779184008
2.70714075497 2.5376093957
-1.19301314011 -1.47368094603
6.13746360828 1.6784415863
5.26155716627 5.12187426274
4.6783361589 4.82134084029
11.1079196634 0.263273617588
-6.37704560127 7.73880908396
-4.09418403846 5.72898367124
-4.25613333748 1.40510456187
-4.94132822487 7.56474077296
2.97040909475 4.09908864255
-0.712573330087 -1.32845102293
8.70885850193 0.415405656904
-4.93860729332 4.11603274517
-3.24797252777 1.42526625836
-4.47821692841 3.94186185241
8.49170961131 4.60681227159
-4.87654177507 5.3091099967
-2.90184550567 4.69442374148
0.6265440126 2.17539157945
-4.4114209279 5.30762165163
-1.1611472242 0.295327167646
11.4590484542 -0.049633418411
0.0102799008538 -1.91522293383
2.96795695833 -1.97893880639
-6.28343011654 4.36485843097
-5.90123647219 8.36206098313
-5.18253702147 7.04861315834
-4.95867648612 2.38475833691
5.34283244156 3.37255097155
-6.33475769321 6.0790954399
-0.0806249040685 -1.75967871727
-4.94631556588 4.90801174195
7.2979557447 2.04009540566
-4.39677630327 4.0355219821
9.99561073013 3.0287805233
-3.92207437831 0.0725108053833
-3.41716125484 1.92515017934
-1.34359280535 -0.262487649275
-4.35731555455 6.11966636445
7.82587829231 7.31758057028
6.19966044374 0.620295409341
6.63232565051 -0.943657017601
8.56642651184 5.19842308621
8.71552427681 1.4036024049
1.30692468692 -1.62122107944
8.91571156126 3.17882518002
-1.73730631836 -1.80305753841
3.23862067864 2.77722546188
4.05055361029 3.91747139275
0.344151044566 1.56376332914
2.3698573196 2.5077302139
6.40735241702 2.81578874544
7.21604860631 -0.822868962814
-6.86959224468 4.86932444103
-2.35876513843 -0.793722962254
-2.50828774536 4.90642021569
5.23481948191 3.87095308779
-3.09872503987 5.78265541455
2.0110926471 -0.591507691556
-0.495573117186 -0.635480437394
6.01954112895 3.08780923744
-1.81362328426 4.48012478391
-4.34129480457 5.73382911696
-4.72126153874 6.60245168218
4.60608819974 3.91484181359
-2.99050605392 6.10610649616
-6.25844493489 3.62074370142
6.64218246329 4.01199594603
-3.80790214836 4.11225245946
-2.66766748265 -1.42274605145
2.81025792659 0.257992530799
6.73332339115 6.55381323475
5.36518597598 4.53336831566
0.758904653599 0.25643887661
-8.29305059032 5.44006725724
-5.60917179282 5.96160475437
-0.791946378347 1.43523083847
8.30934919721 4.98484652921
-1.96424785839 2.51740086519
-4.01074698481 3.93540043208
4.45710673472 -1.93074743915
-2.11772661857 1.52551930353
-1.32755721095 -2.34722555923
8.5980389072 0.301430036706
-8.12149928247 4.76657662142
-0.273460554478 -1.70412882377
7.1385144825 4.03317315185
-4.01957700953 5.76459352438
-2.70800441661 0.203954741187
-1.52331016816 0.00379543933484
-5.18306814133 5.14114273416
-2.00020127838 0.288351571396
-0.270570048967 0.842393493483
-1.30305940245 -0.544743051544
8.00529604094 0.61369943205
-2.17250453901 1.20371984547
-0.874815658697 0.021720866019
6.41547411896 6.10647108673
0.196971503633 0.92347867319
-7.82381871813 6.63721951333
-8.4629278437 5.69093989248
-3.6301947898 4.93813953269
7.87083757945 1.78278952366
-1.92484207374 -1.71325239296
-2.62795375644 5.8258496262
6.29517207686 -2.74499684479
-6.41639505562 5.24621662039
0.165910263147 -0.319341304803
9.98117769578 -0.35073057374
4.03419745526 -0.605472498464
-3.39969654906 6.26358433286
-4.48141333853 -3.1589092519
-0.734311259484 -0.0333387633863
-1.16941932923 -1.88103719539
-5.81270348188 4.39754846802
8.94183916606 2.89634703967
-4.33728753678 5.68972053279
5.09778962879 3.85871207309
-0.269513724968 1.11145525242
1.71541433547 0.297133450127
-6.59595738903 4.63195569402
-4.73657618813 -2.03129394002
-0.334757442076 0.255081933885
0.0148438898384 0.295621625943
5.53019371344 4.93608181495
-5.35289176274 6.69742006885
-5.0779081345 3.38821156667
-3.86147308828 3.06747651247
1.45822462306 2.12196211567
-7.05269874196 1.38723133857
-4.26995803583 6.00224049064
0.235320524386 0.46683069102
7.98188596151 2.34953585756
5.59808289753 1.07917507085
1.16390210298 0.650857815385
-5.27478717876 5.54709208485
-1.19748295982 6.07918974751
9.33321996253 7.76721256408
2.84194543272 -0.389251655888
-4.8419213136 4.49070907794
-4.2135641293 7.20554854748
-5.96483381616 4.35706274865
9.51097052471 0.207568973704
-2.35999208581 -1.16988913359
11.8759837268 -1.15374798
0.899483929195 -0.295474744236
4.9532559278 1.39184242365
-1.84586892382 -0.694881337748
-6.80061361339 5.99626574234
8.32199424344 4.2483359762
-4.94698897905 2.91711246715
5.78476789074 5.68804456658
-6.71868856663 4.36047569304
5.3275830619 4.57459706643
0.0479909057302 0.596913548524
10.8119856779 2.39411948157
3.88121781643 0.16904933887
-3.07569153205 5.57545428592
5.95088389903 4.82919843137
-3.92369006164 6.05634481981
-1.01135264572 -2.24161623579
-3.81729584099 -3.68345221672
-6.49597594879 5.73867344917
6.12057746325 1.90373222375
-0.426187131309 1.16733180569
-2.06837569335 0.0106538593204
2.70468268235 2.16460197981
-1.91650791666 3.07488897253
2.32356960005 7.25168914029
1.38021055178 1.44574123231
-6.62801667041 5.06407105544
-1.01354839227 0.878546541189
-5.66408470612 3.09531638906
-0.0985072097325 -2.68898270347
-3.90215323488 2.17800354201
11.0112694856 0.280438482781
8.29529421578 4.43988339598
-1.81452881585 0.435731528821
-3.57952821213 -0.265504443066
-4.32128126258 -1.77959560415
0.0971529886831 -0.786729979899
-6.26057232325 2.88928309352
-6.19557866452 2.15823613518
10.6421876466 1.79898343239
-4.32645527447 3.07471285973
6.89249652767 3.35704598221
6.68046098577 4.10314314697
8.42674947523 0.59775687574
-5.19145104404 7.69357712051
-5.33477497817 3.96994727312
-4.28764082568 5.69389648909
0.836132699096 -1.21976107574
9.08988308452 3.3800501419
10.1446683406 5.95727062474
0.599618612584 0.325449003625
13.2541576479 -1.27623449695
5.47133882953 4.48054300112
-1.66356809325 0.227956612266
10.6301569481 5.06937011676
-6.37645778591 4.89032993582
-5.43647272509 5.54072980715
1.19771541029 -0.826094824524
-0.251181747752 3.46300863017
7.02598631321 6.20757675749
9.81738235424 4.12728059764
-3.47893539177 7.4390022271
-2.14878049403 0.953395901373
5.69602399598 5.21904118377
7.55704723436 2.92937329811
-1.84993465158 -0.0727506940272
-2.60993212294 7.76729058554
-0.996683889142 -1.79898124869
-0.778847609397 -0.578915588672
9.32874132265 4.52248007089
-0.927391446657 -1.86946098006
-6.88232673371 5.47984681149
0.316700631708 2.13527104139
7.73919462941 2.36503403904
-4.32522508829 3.96479216599
5.47673788488 2.32460199227
6.13514016888 3.64704145289
-4.06441977953 4.08718157253
3.69395240716 3.05959719733
-6.23719882595 4.0716977397
7.12938695105 3.37135022394
-0.970084879496 2.1072828655
8.3371179151 6.84681523843
-2.52030312527 0.127366160571
-7.03272614358 4.54484364688
-2.89599675257 -2.64616215025
5.55790504014 6.06054033265
6.32228948946 -0.88707824756
6.49816942168 1.76597811093
-1.85415296604 1.8999133547
-4.81120762076 5.11553384406
-0.959768164739 0.521639737477
4.58910623386 -0.367261113265
-0.0379366923113 -0.338450380579
7.73637577335 0.973664609557
-0.669543729422 -2.08029581895
5.11304983922 1.13429608854
-2.67820421568 6.26814704702
8.3798807327 0.0220228120508
-1.52584061555 0.241611993193
3.56872594856 8.35961202867
3.98543376928 1.30565543446
6.86026197999 -0.343866525056
9.60031976702 -2.47790100174
-3.63716525778 1.87597993693
-5.88636489323 4.19587126545
1.78567152254 1.88611600065
-1.85370181421 -0.193338595896
5.82302059665 1.90629732202
-2.13498592046 0.742489600819
-1.04715375532 -0.903456826531
-5.39343495037 2.77620038156
-4.88820648374 4.76572065542
-2.93457198371 5.02273229685
-5.29906871278 4.91036408237
-1.38743341593 2.88943487246
-4.37658048176 -0.587146467286
6.55373737275 -0.0817892168598
5.00327581197 0.299802943528
-6.6869221254 4.1160904328
9.138648878 -1.62855928412
-2.93392323481 -0.49429509211
0.0169986438811 2.8955394482
3.56943788271 1.76619939328
-2.77513145707 -1.61685518767
0.509630171882 1.2967503822
-3.15451445969 -0.635247950066
-0.297796845859 0.728693034943
-4.52790121752 4.92470747499
-2.82087503166 3.94386876268
9.02680834805 -1.62537404827
-3.60246166044 -0.11113991146
0.366896589464 -1.80666666013
9.46115647092 0.519199512556
-3.96557089696 6.38205335406
5.00923555213 1.51824751147
5.42192156775 3.04433377537
12.4729419366 4.15732680415
0.157015812251 -1.43333377996
-7.21013087417 4.3775386686
-3.91688638637 3.51202133496
0.841784689309 -1.82963014162
-6.15574138116 2.59578997177
-6.56884610777 6.73910649913
0.706505961988 -0.135224268101
8.85682692702 3.77935725334
7.99961213112 2.9043189612
8.79086927966 4.13161352686
-3.43950808417 2.75394523592
7.22887534783 2.6785283482
-6.82724585026 6.8180245944
-6.53376041185 7.36919505896
-4.73988885157 4.95697000162
6.81079443938 1.79452898345
1.13013629685 -0.331162155468
-3.78139305496 6.21619703934
-5.21770998516 6.13634952441
4.87022871133 1.18357268904
1.10562633795 1.35405859356
-5.87733149111 6.02532780847
-1.70478134925 0.955243964764
9.63368992148 1.16414540933
8.07660415995 0.533346941343
4.77886487334 3.40776023834
-4.49001021004 2.62015072101
-6.22711132984 6.51561615134
-1.70959851299 -1.96038761474
6.69487690856 0.429289798714
-3.47599696252 5.75540838014
-5.35069180093 4.28249904156
-2.44871693917 -0.999093538011
6.64557703715 6.35163250388
-1.42247248907 1.15166324749
-1.69404723299 -0.861279351224
-2.71369355563 3.69592466897
-5.77406802113 5.77398383211
-4.97648370422 4.21526770722
10.3919039776 8.70518181544
-2.14116102312 4.27868470196
8.69737825677 3.15141899576
6.77628045495 -0.380721288146
-5.75442737733 5.68631415988
-6.18180850607 1.44771183256
6.68188775086 -0.843757748328
-1.4489486091 -2.36546921026
-3.73195794569 4.03852370408
-4.88878589511 5.62254328878
-3.894402512 3.69921865482
-1.76013402293 0.782941746775
-5.80030686343 7.96260189637
0.690113184791 -0.773071171153
-3.84231638883 4.33513747966
-4.15342259956 0.557464089937
-0.328587569441 -0.0528116435671
8.04344629503 3.364816487
-0.608053004536 2.93677120631
-6.02797463633 5.4593658258
9.62926684677 7.44420541707
-2.56912560182 5.506872322
2.97097180686 5.53793628009
-4.09185698932 7.50960772472
-5.67239071373 5.41363928474
-4.60395502811 4.28240531271
-2.29975066849 2.98419887817
4.77015002604 -0.409430201042
4.58992118783 0.64591502248
-2.82956699664 -1.18348734099
-7.36036845738 3.58181480847
3.33471068869 2.3804328728
3.9497790319 -3.63770092093
-2.67837744542 7.04476567373
10.2013822363 6.76244957622
1.67036775641 -2.80456160496
0.0934342043765 -0.782569126586
-5.48320187558 4.40685422783
5.69222259231 5.3519160821
-6.74845371071 6.28440348104
3.68206337936 -0.0259169283629
-1.02452630736 -0.988648323015
-3.05149734842 1.5535404307
8.59234297652 3.3962502257
0.559622693563 -0.148037228644
-5.13368669364 4.10716966335
0.268435026474 3.67565182648
-5.07088572736 4.58750440326
-5.8275812273 5.19615675685
-6.16763955357 6.5144595412
-4.96557389282 6.24625311533
-0.156891492311 -2.62922912788
-0.0393707922104 -2.30379287241
8.95281405363 7.46163697517
10.2080023122 4.95912902288
7.95619434405 -0.118179827379
-4.73529752307 6.74094701876
-2.18109898194 -0.011701562668
-2.44706748483 0.34569992942
10.5572482983 5.662336428
-2.19895490523 2.7760020057
7.12391916934 1.90001157768
6.41651297672 1.86020358615
-3.89378666231 3.97589962189
2.73286447873 -1.82403209017
2.15433727418 1.6593163303
-1.92369143906 -2.69798799533
-6.23421827147 4.70207965737
-2.5077229926 -3.40623985708
4.45051959174 0.83714712679
7.31947766515 0.88409757216
0.402071715891 -0.88663939071
-1.54319709854 -1.88458482491
9.7012806596 1.94662028115
4.61580823499 3.0277851521
-1.13382903509 1.62155735537
7.16341652965 3.52987968307
-4.20335141699 4.85352518921
-3.72981854807 5.14885694873
1.64163775452 1.25721839023
-5.24083397438 -2.73609098279
9.73569748447 1.12979695632
5.14990880818 5.01212163457
-6.10316536768 2.71951138435
1.44159714466 3.3826970774
2.54651763493 8.27940898522
-0.62089603988 1.47583072602
5.44313255799 5.62462056829
-3.79240131375 3.29883873008
1.336537612 -0.0216977532041
-2.16928656816 0.44068267142
-1.67394980615 2.0769598432
-4.80786482437 4.03303860931
-0.939786613765 -0.391719280668
-5.82937403708 4.19731599686
-4.64014087186 5.22375962251
-2.50407560188 0.83339263073
5.43041674139 -2.40889227943
-2.8313033683 1.69887372803
-5.32693429191 6.11112318524
1.57699922475 1.77022199481
7.06582464463 7.57510418426
5.20409246207 2.67789586395
0.58128289177 -1.65047065402
-7.54575973309 4.51208148526
9.95371895541 -2.9082184748
-5.72647027875 3.47990228682
-6.05614135435 6.98083834938
2.8884102492 3.23767582392
-3.4219003332 6.50262948826
-7.36130947945 5.71600786347
-0.606449382054 0.918964362043
-3.71342970838 8.45046051365
-8.44541745524 5.68018322001
-0.330676725108 -1.27298933335
2.34132418206 -1.37839022285
-6.08598915361 3.12497477754
-3.86550144933 4.63157748245
-2.97119490111 -0.0822488379933
-2.25465622119 -0.289156861972
4.09231371473 5.85400100845
-3.29405184316 7.06636484797
-4.5685105201 5.6515087015
6.74422732595 6.32134189962
-7.34534544244 5.28018212495
-4.0866768227 6.31081453804
-4.47046783529 4.44139392314
-5.74407301265 5.86678072678
-5.30243353935 4.85278112499
1.78819547127 -1.7005746575
1.42266220969 -0.185771619741
-2.63818467931 6.65978198143
-1.60473823942 0.152153411371
-2.07443615555 0.0785564377076
-0.474184383559 0.36148698504
1.46408608248 1.90306210286
4.09561955833 2.31720047501
7.63896994549 0.898643007722
-5.45678897861 6.29611330659
4.16238550285 4.20906091839
11.0209695441 3.54423872026
6.17132912469 1.7428413657
7.74625071847 2.30492112954
-0.235049336278 -1.29442068608
-0.0503528844717 -0.835088293026
8.46695147438 5.47379378773
-4.4776751445 5.51357560293
0.0585666084686 1.02220310957
-4.46657243333 5.33965362394
-6.063225741 4.73657894537
6.08109071996 5.12583165804
-2.77373844406 4.62624143866
0.443458768747 -2.15409035413
8.19543460255 4.27194643345
9.32845244776 1.59663634473
-1.22812904152 -2.38796639102
-3.91895025801 7.70260256032
9.61097754837 2.02175152562
4.90983649788 2.39366457818
10.7213592522 1.92737469405
3.39111392596 4.67426315659
-2.98100317048 0.563377235749
-5.86643843208 3.54639042035
6.5867347455 -2.067047717
-2.76363028831 -0.417943291884
-5.91471193449 7.62746331196
7.11631934883 2.90103798259
-7.51812420823 2.51713013116
8.14635111121 6.08201073013
7.38921411824 1.05965424699
1.20263005334 0.790531438986
5.90466416204 4.0358253619
0.544697521031 0.947212528463
-5.60255627108 4.66345020367
7.6891356891 3.89833142655
-7.22382803208 3.08009867263
7.4841829218 2.28703476211
-0.404315215985 0.159698229927
3.39386797754 4.45770778298
-0.255439192978 1.92858863279
-5.0462989321 5.85716708927
-7.63132090582 4.98917821843
7.35349111551 0.538868980935
-3.01906929008 0.0938558640651
-6.29558538309 2.69824343587
8.42124987635 0.631584819896
0.303216738266 -1.56159339899
-5.41792369622 3.45789364434
3.02699273206 4.16233802762
-1.57298660028 -0.32194430924
-5.24605182758 4.0835400671
-6.32089691491 6.4048948661
-5.33788887066 2.31152750386
-1.82115409261 -2.32821417269
8.64001743491 2.25638439094
-0.716708488724 -0.389934711615
-4.80626312801 2.96692222707
9.20224901253 4.07343367754
10.7598203135 3.51699657186
-7.51648973796 4.25124231062
6.89807453973 3.21902869501
-6.63648538443 7.38789837233
9.744274905 1.70347387083
0.511939709082 -1.75715083604
6.81763507299 6.90084181718
-1.68522727255 -1.0945604851
6.19929363563 5.3081229077
0.105195986971 1.89396005765
-4.5597350015 5.9071282944
-4.00414866766 3.51747868403
-1.46589668393 -0.492781455452
-6.51111800262 6.45054507942
5.50354365164 0.712343273591
-5.33245771557 7.32346003441
0.295843627906 0.321812817459
9.14175347058 3.50429268006
-3.84174349073 4.51296211683
2.15813805812 -0.791897940613
11.3061281007 -1.30034855413
-3.24117160632 6.07326180726
-5.93474765007 4.74289025734
-6.53103328617 5.93561449548
-3.09979158974 6.56469969285
10.7120619541 8.15096652149
6.92336792155 8.5051289643
9.18624726648 3.01108781678
-3.93215586274 4.87288392687
-7.08648502864 4.06643095131
-4.56749193493 1.25712287174
3.27453220494 2.58570584563
-2.41135739887 5.37286971734
-6.72039726767 7.54697202033
-4.97007971633 4.89439647738
5.27056208206 5.17862982719
8.6202534755 0.667519914718
8.81803773305 1.19501891719
11.2209048698 0.0610312457267
-0.156699153425 -1.35181035167
11.8811763955 -4.3502723977
-2.69317300654 5.52140897776
-5.74395851295 3.18388235035
-1.28562837662 1.7008338612
-1.87018127772 -1.88265351474
2.12286441031 -0.822600406072
8.0730799259 2.5856616951
0.773520236824 0.16441774881
6.36405108602 0.690083679017
-5.90637565004 3.03663989229
-2.36896855669 -1.5375607914
11.7777225699 5.21042253115
-1.34388199538 2.63444438689
5.60348449977 5.69707476255
7.44035829736 1.84913771117
9.92816275775 1.82564651282
5.20608831133 3.82011026144
-0.0280253753622 0.0674631147493
-2.27597281149 4.14448011844
1.44067232159 3.03601686716
5.87705984844 3.31695571725
-3.24170768091 3.44013098317
-6.15608442349 5.16656755399
-0.821224583318 0.259106626382
-4.31006372094 5.03033507743
5.43869431613 0.691241306888
-4.4492050565 -2.11504086291
4.87804091908 7.47266293211
-0.205762242194 2.92180749927
0.905478732928 -2.3484622171
0.143302402558 -1.10068950268
-2.41293412467 2.65895521848
-5.5817401546 5.99694000411
-4.79226855373 4.0502407108
-5.26737763721 7.31483262393
10.9358961102 3.57540517442
3.63307618237 4.01830467603
-7.13542564182 5.04729778431
0.299677619581 3.75127777849
5.48475852063 4.04083328889
-4.21920108782 -0.460130165816
-6.2420463497 6.27922399804
3.73702338075 5.49605928259
-3.31233664295 1.01159304738
-3.460109212 6.92505982095
-0.891738904938 -2.48891108658
-6.10258680812 7.14795466916
-6.49235783161 3.60704057995
4.57974926435 3.69869334512
-0.25894900283 1.34411536405
-4.33752941519 2.9282871137
5.08680949569 2.12954518998
-1.62992726253 -3.9060734666
-0.81848818838 -2.07635620041
-6.57496054687 6.1168505222
-4.64997216128 -0.630823017159
-2.64627091392 7.11945759504
-4.72363671455 7.95850699391
-3.7728820646 4.92631542701
-4.80169336562 4.56518456011
1.02254875179 -1.98794603131
-7.02913427302 4.81124342279
8.36716182684 -1.62313208685
-7.03920254054 5.94481992576
-7.31871676609 6.7223511927
0.51212623085 -0.4293941848
-1.48490501367 0.230997629629
0.337783039205 5.38440268045
4.82220493964 3.9174764261
-3.17655942078 -1.31209400092
-2.07905842357 0.85200672737
6.33742556263 4.69979455018
-5.04904011236 3.85928704631
-4.61731597716 3.35472598202
-4.83587550204 3.92538387855
5.28590381552 5.0325854277
9.53215870883 7.52119505948
-2.68289858366 0.572941047357
1.12351387567 9.08076415967
-1.30833743468 -1.30391106314
-3.73098162486 3.75774778879
7.27026451808 1.27305137088
-6.13038141323 3.36573600419
-8.59207452116 5.4684016354
9.89715105761 6.27636434919
8.46522696037 1.51805038588
4.87492161445 4.71495487822
-2.47312873883 -1.38730346584
-0.543714478288 2.78906545589
-6.7095950323 4.38411980949
-0.50913972447 -1.13732853101
-4.2489503425 5.98219721042
9.38714383525 1.17627973463
-7.95034292331 5.59020561889
-6.35663444441 6.07990265502
-5.38487994929 5.40793527981
-3.1329394899 -1.08404527302
0.180883550923 -0.816306631681
-3.61572254405 6.57088045743
-3.13928621314 0.0145282169787
-0.156498446678 2.84053664009
-3.13148599461 3.5684827164
3.07976082837 0.491584382974
-6.35366352062 4.56540873862
7.34113558033 3.20578930797
1.53756202773 -2.84805605008
-3.29150839872 5.03935977337
-2.92605837251 5.01049977426
-6.36730339564 3.65363947989
-5.50091190989 1.353331015
-5.31669193929 6.35193444019
-4.99351325994 3.41477557102
5.53227623789 -1.82508627433
-0.794270034627 -1.69543146644
-1.05688206814 -0.714214285131
0.966208850408 -1.07373977022
-5.30191598804 4.94647631657
0.224592592323 -1.67168510111
-5.49236153936 5.43437774355
-3.45120652803 6.99763186464
8.03211211848 3.68815712478
7.52367919973 2.46160112791
9.83876973138 3.97365236857
-5.60006297552 2.16813185999
-5.95765329234 3.57761563232
2.55420493145 2.25714088841
-0.903405482832 0.0766602314508
-6.49817939477 3.29355617103
-1.11394004298 -2.03305123306
4.65807455075 -1.42631705602
5.08920839625 5.37783930488
-3.30126414717 4.44357438007
-0.333637930644 1.43444375817
11.7892766818 5.62607853014
7.85580593464 0.116661430299
-2.88168734214 0.90510682082
-7.00276808437 4.78510832979
-3.42091945934 3.69196894617
-7.37685207008 5.59729129763
-6.5665218635 5.03176866182
-6.61120350964 3.9756739816
10.849405633 5.58387347607
-5.49839101278 5.04844201803
-4.37988590405 5.61909941326
9.4512140397 3.06763324866
-4.22762265768 5.17368228693
-6.27895209019 3.96250683953
9.42253766549 1.21146502908
-2.28599516987 1.44066469292
-0.425046520187 0.94425321849
-3.78270877438 -1.14512424283
8.59829363574 6.61875459322
-5.8615218831 3.88522929973
8.11856809175 2.54580761394
-0.14578702878 -0.251937203439
5.50976868853 1.36530005195
11.0035292818 7.59856508587
-6.56123284779 3.83373185591
-3.81483153556 6.05830114969
-2.31474663974 1.41519174403
8.22870010872 -1.29939064786
1.37449337943 0.0724508334003
-6.36519300937 6.40529394839
6.52643578455 2.93082531359
-4.95860084649 5.27466972375
4.42999544215 -0.247921461869
8.0552230632 -0.653924837173
0.888822806323 2.12892860171
5.77122610392 1.71536915641
-6.25893849706 4.85861013704
7.74298516022 5.0421125622
8.02669910818 0.294036558785
-5.72782532854 8.36597041549
5.00429354743 3.75377791756
2.02961109764 7.25450840799
6.2616359714 0.725057002116
8.2148425497 4.48947848505
-5.6661125688 4.25889112076
-3.67828629716 5.42909790109
-6.18950133413 5.28817095786
11.2973134358 1.40114141711
-1.61278682124 -1.54713064279
-6.66581860234 4.88829114308
-3.75908248258 4.97171160693
-5.82973348424 5.52277492448
1.02723470417 2.71372632025
-4.36239011346 4.35596819403
-5.21201499218 3.94023343111
-3.2208762102 4.76122104005
9.6870590342 4.74138837481
-4.68476862276 4.20530486719
0.431352739197 0.442550152087
-5.58528077237 4.40217378028
-3.83176611431 3.74292336758
-4.82644302338 7.71646309773
-6.40441622969 7.27159315242
13.9864784722 -0.19350460675
0.000810904490484 -3.44590995191
-0.91422545367 2.60584565386
9.96123790478 -0.184182714456
4.28447355735 4.22552591083
-4.05286251627 4.09105112797
-4.99038714143 5.13392641147
-5.30796661937 6.11696825064
11.9416390281 7.04908545586
-2.43739953927 3.99223142442
3.61899588473 4.87403685506
-6.61364977676 4.90493770838
-3.48600364294 8.08940629558
-6.49401354805 3.37838754508
5.56178314275 6.92595525285
-5.15081470864 6.08832010828
-2.57955177137 -0.61590201481
0.331467301539 2.41716517845
-5.8170003109 6.66410952664
-1.56495561541 0.030102751241
-1.27678118126 -1.84324672762
-0.399380849439 -0.397861267072
-2.78246168192 2.28004250306
9.29725764871 2.87549871693
-3.39301427516 4.00400861828
-3.41697222952 3.8911028986
-5.76570835515 6.09205567001
-5.60887544289 5.89979256199
8.76551466379 2.72385802202
-0.816122008724 -1.50531281133
-4.90876182913 4.39280313228
-6.47684622987 4.57133410331
1.00074226215 -1.9677663168
-0.645579920487 -0.532261679474
-2.05156502527 5.4795398771
-5.41376728402 4.7182377544
8.50808193486 4.2228345022
-4.96197666108 5.04622538801
7.62211798007 1.82187968245
6.24970335777 0.625638470429
-4.64357605664 5.28041972413
-4.48300847572 2.62330254513
9.27148601104 1.72251892983
-2.71374335288 5.58078787613
4.61487131872 -1.33551697876
0.491771686354 0.065159022205
7.57999865435 2.99168475947
-6.05023754752 4.42612019795
11.7282413889 -0.470018504101
-5.61556524213 5.56060253932
-1.26224070695 -0.103889418171
-4.25471299756 7.37692511593
9.22376893434 1.37469749812
1.62971607566 1.29532456249
-5.68474010553 5.53470656908
-3.03421146597 -3.00763447838
1.85085434011 0.715376946081
-6.32391046601 4.80541923248
-4.31254940828 -0.132254483985
1.53164866596 0.813985911571
-5.93137819365 3.75395977304
0.454974813075 -2.27951179985
-5.98993194614 6.73873563261
9.19728175409 1.34244896479
7.87401603445 1.50990224271
-5.31692518315 5.63888558354
-5.2792498849 5.99850207838
5.40151633798 -2.78431092867
0.598046724527 -1.17569789613
5.0793802042 2.49093686933
9.85324050568 0.724780287347
-4.57493899596 4.89762553458
-6.70715398609 7.22955289665
0.830707480689 -0.124543257654
-5.30803883645 4.24379168119
-3.30283559891 5.15078407564
3.57208531907 2.26443631841
8.29492646788 3.81016375653
0.465046247434 0.496045434229
-3.81728937965 4.63371773995
-5.66389493623 6.09805887379
0.286164798392 0.0318226645054
-3.45329889357 0.0317593192076
10.0890661158 5.02934513292
12.2554351518 4.92691460804
-1.37372032966 0.797558857821
-5.08378374217 4.77137818132
-6.29528277275 6.15229787654
-4.20599243833 4.5554477596
-3.73752679894 5.98094259762
10.6382362322 0.978472729678
-3.81909454374 2.89330595923
-0.666429376974 1.58197413724
-4.60858671451 3.58241796638
-0.149871238298 2.01460294614
-2.84727866739 -2.31518496069
-5.08664667742 -2.09926355951
-5.88040480245 3.63583576734
1.2589354665 -2.2208183378
10.1807827862 2.63511296634
9.96594791219 3.65863484042
9.00015705772 0.0546133681336
8.71461053426 5.13969946013
-3.74610100928 7.09597361698
-4.42523060705 5.83863207674
9.37319238315 -0.214332146421
6.29222823987 -1.2406612633
-0.400570574496 0.549480566852
-5.61542868465 3.99815612923
-6.1806604043 6.95133279065
-0.577238228534 0.0374205152121
2.91892635226 1.15514291431
-5.2476554737 2.97654069313
6.845226236 3.36569287976
-6.98660816024 3.58284218779
-3.96934847286 5.6355434236
5.59310254166 0.240791820221
-4.79807383896 4.67567534378
6.1286826546 4.10689951073
-5.74542548132 3.41866426893
6.42735883037 5.26108315245
-1.33878756446 -3.26392947546
1.05018186825 1.08715790354
-3.65267290257 4.02977859007
-4.89400702458 4.03770184162
-5.37160661292 2.52484513535
-0.561695195869 -1.74017875092
-3.79187143784 1.7634603985
-1.40206197775 -1.97140166213
7.20397408914 2.07791063376
7.07703394418 2.18126366858
-2.54682511896 1.2687414413
-1.51654411078 -3.40112209806
5.19991181999 3.33405666349
-1.39064416901 -1.88110706389
-4.71779749004 2.80533238681
-3.8063774263 4.91520727725
9.1824081657 1.60639501176
-5.42755534587 6.3442784201
0.494275271116 1.10772275637
1.19299745617 2.66856067008
8.47642568999 -0.846604805872
-5.66110745334 3.68386960692
-5.01112302849 6.09087289517
-3.19393276901 1.6377362012
-5.87707531156 3.86695538193
-1.54138747216 0.381958048823
-1.02177563571 -0.982408230082
6.53312343055 3.62966006237
6.75926173771 5.39300464257
-4.36124752987 5.70358691451
-7.70654712356 6.12445102461
5.89799286083 2.36523158284
7.60963012556 2.46475655002
-5.07827758472 7.44556114814
3.67759299504 9.97192123822
-1.20862440315 0.236076211355
-1.54660646892 0.995105090993
-4.85122400569 6.75307408504
4.14009472879 4.38736202263
-6.25525638589 4.0257914455
-5.44372666537 3.6279143563
-1.82615446461 -1.37789213648
-0.534377229087 -1.96066511337
-4.96557728331 3.59916970456
9.69485240238 -1.42061752151
6.49028001631 2.55576225654
8.59223929637 5.95033202596
-4.46420560899 5.62065109633
-6.76900251441 7.0311998399
9.58813981405 3.40943874387
-6.16261896711 5.82151894268
-7.94288732801 6.13619851014
-4.41275161385 5.1542776566
1.78416003884 3.87660635681
-0.482698805362 0.867104895686
-5.15288888693 4.92826255695
7.4808922639 -1.93061335917
0.59436035923 0.701678195925
9.30912197839 2.32253649946
-1.69791806704 -1.1565542366
3.96188907233 -3.61435525921
-7.0502609591 4.69618219115
-0.926266577396 -0.0203517904003
-5.4270883438 10.6598206846
-1.83409865915 -0.873331442868
-3.15658872733 -2.09067105412
-5.19790694251 4.21561568831
-3.44496480113 5.0020528817
-0.500141262946 2.56061259306
-3.53571682894 4.87767563922
7.80576818414 -0.467238286496
-5.86303853332 4.89173790205
7.21042799405 5.91130906813
-0.234646089454 -0.423706767554
6.600609609 -0.104839815418
-4.80349046243 5.21287753864
-2.37736009493 5.69344707809
8.74050346025 -0.84683728962
5.72150703855 3.06753793467
-4.90296146359 6.1866888103
-4.41801026301 4.62782733197
-1.21166333197 -0.646465041092
0.32215578833 -2.78977611607
10.3509970573 4.67328706215
-3.82579255633 0.795118988219
5.54730483211 1.83883271939
-1.1983732351 -3.45504142505
-7.45972006419 5.11691081534
2.00109889589 5.81281265136
7.65616056046 2.87970994242
1.70368473689 0.643421207602
-1.65179657588 0.552786040391
-2.89428725323 -0.10453969321
3.09423133012 -0.45945635479
-3.00539789302 5.36186660225
6.92354575583 2.75158182834
0.742904008644 1.85448475617
-0.133652206848 0.876835364693
7.79581860522 6.20774739516
10.2062085006 2.19841470452
-4.77996117971 6.25511649901
-1.92804472785 -0.547136890004
-6.16520605812 5.45530010514
5.47456486629 2.85912125743
9.89757861312 1.64594108342
4.38769712808 2.34878810965
-1.00559252565 0.649434693503
-2.87441458755 0.425237017031
-0.218355219813 -1.89328944014
-6.20761076387 3.9080246253
-3.28253346579 5.10049423294
-0.294721437628 -1.06153276584
-6.41408952747 3.31981989449
-0.0730609756232 -0.032308308442
-4.23428552146 5.69288850305
1.81655112947 0.551860845125
10.5112088019 4.48249534457
-1.798869081 5.95885293051
0.643074595095 0.855042376651
-3.92582974508 5.06691424
-6.27213606378 6.21776074118
2.31296530635 0.798675420095
9.94502487789 3.25577532704
-5.5976154361 5.44782055239
-0.370876891156 -2.25982476323
-3.74833327092 6.3374524325
-4.4361172018 5.33551774659
-8.22468163028 2.29579194621
12.1924220465 5.27815237688
-6.06272472651 5.45691020497
1.70900643857 -2.64723016705
-1.69155829734 -1.01573831206
-3.5266753625 4.28504584537
-3.32155580903 4.4051378353
9.82215598309 2.54043487669
-3.09282522815 2.56371406461
-1.15245062015 -0.413884904765
2.2728787726 2.85842715453
-0.945347952337 0.327343811593
6.49600178853 1.32996058652
8.99821938888 1.43421477153
9.29889505551 -1.15657256362
-2.43935434016 -0.129710392994
0.270464062308 2.13186751206
-4.99496636104 5.37519375326
10.919692803 -0.00650883379437
7.88891042362 4.856396465
-4.2514104621 3.68220130713
-1.51747707569 2.59427781534
-6.44585641081 3.19674561565
-1.33124438031 1.92136783072
-0.890866875702 -0.0615585675806
6.00970320233 3.44903680892
7.52870381259 0.603740846366
12.2670346349 2.97999781312
-5.82032255673 4.83871170152
-6.78227473166 5.14628651747
-0.15388070101 -0.447399241019
11.5102242243 4.59477312164
-1.38150221548 -0.469216668965
-1.05380280427 -1.26161380108
2.71838604741 -0.91309669117
-6.30152429048 5.29144659906
-8.93321257947 4.61423818978
-1.52945955704 -1.25864143198
0.24509613766 1.69740771791
-2.57872026503 5.41262115716
3.92504445558 7.32726626617
-5.11522301013 7.19381332132
-4.52818075816 7.13447636696
-0.928608943019 -0.480488471644
0.0563927861639 -2.97909264212
-1.55516484569 -0.200091656123
9.54039270815 1.84269205199
6.33371656794 -1.67760610515
-4.04212630723 5.84551293987
12.2162726782 6.24927457087
-7.99444564656 4.85037283448
7.40457938821 7.0186876929
-5.65385321878 4.90557603535
-4.55819602235 7.59976229681
8.80772006416 -0.191127100664
-2.4148477562 5.56485450833
6.1947734853 2.37369643041
4.70449002721 1.45107195804
-8.08306004656 0.586335463195
9.84657058206 -0.986559461402
6.85529208571 4.86108928066
8.10966943543 1.31175860674
5.59337773628 2.37337283708
0.378920212729 0.01253522712
5.49249912694 -0.52484030981
7.29911552873 1.46741810549
-1.25911900161 -0.306277461445
-7.0254385881 5.52828291292
7.46964929391 1.88676936862
7.81162674149 5.46260730607
-2.37615062461 0.438790210121
-1.71164119622 0.605337356653
-0.582759687933 -1.65267312393
-1.51252198793 1.52815603872
2.51178961471 1.92857046052
0.489604000433 -1.1128492224
-5.2888858533 4.34731942648
-5.21740434061 2.82187424099
-1.2682188769 -3.40926913724
-7.0873413368 5.14156323389
1.59177705045 3.37179125731
-2.3174005949 -2.21236715198
-1.46970359018 -1.5208877625
-4.21075281088 6.60075083037
3.491319595 -0.308576542281
-6.61995679723 4.36651743124
-5.32527368405 6.85252348837
0.37099071873 -2.54138916331
-6.02034483885 6.06265152505
2.74939307398 -0.619803398736
-2.76396793077 6.44481180004
-7.5741646611 5.31024528411
7.55704121444 0.66045037552
-2.14565030558 -0.852282610167
-3.30683425815 3.68314199491
10.3145382742 3.44039625766
0.450046481839 -1.08463348469
-2.92945910662 -1.56229729917
2.13287220339 0.765498912184
0.251355826828 -0.820349237851
-0.118404256303 -1.44858102333
-5.88481282694 6.09424807293
-0.914019196304 -2.83958722093
-0.842331144936 -0.622560540639
-1.72501417387 -2.1892818546
-6.82763183037 2.36821170732
7.21161622028 3.77777092206
-1.2065023066 -1.44820181775
7.53567296078 3.03900055516
-5.64152137458 5.93683827935
-5.83338862635 7.08457914431
-2.99600884436 4.75915806985
-6.2534267974 5.0338525737
-2.36686205934 1.62056621767
-1.61216725938 -1.57966590467
-1.05105479242 1.19398307494
-6.05284898516 4.29427377163
2.90544491845 1.43637192314
-4.61076345017 4.3207516878
-6.96169993398 3.41229979029
-6.14442920259 6.95274384848
-5.29564487095 4.20556737969
13.1988582879 6.78156912373
-2.46550969285 6.08064303575
-5.10261887947 3.47195835647
8.14825278989 3.39722612549
-1.86237318536 -3.58199995546
2.7093725229 -3.62168566252
1.48349009678 1.58718363962
-4.84174673361 0.673600818311
1.91052779895 7.4889713635
5.14591562305 3.12975929264
-0.853776968618 -0.563165008223
-6.69756073281 3.67391987067
-6.25715382709 2.65626529956
4.5708377176 -0.39723784401
-4.62906822935 6.76712790581
-5.30668520404 4.14227678258
1.41358471599 0.0673143295203
8.50355716548 2.46476619192
0.159056846148 0.0991335311601
-4.42355979685 6.04478272488
6.00372804059 0.197642897834
-3.35712785318 4.48994596828
-6.56919564403 6.67274561968
-6.06465330341 5.34042963504
11.0488323426 2.98096599624
-3.45590213736 1.37907708411
-4.14148700814 4.18388432814
3.35721848997 4.25084095924
-3.97878158403 3.54868903516
-5.12570973926 6.79296373592
7.55668816359 4.52019057436
10.599401585 3.03983943786
4.36919534686 4.25987551844
11.1821389133 5.25387917369
-5.82343689217 1.8002206035
8.41504768996 -0.859475330446
4.01708296197 -0.469078085608
-5.39678534861 2.68067828456
-0.17576081948 6.71135587194
-0.874558570529 1.21758431217
-7.04383934337 3.82937836257
-2.05880565572 -1.09267190749
5.7828634754 4.96134277813
-3.84896523702 2.96506931636
9.75308730879 2.04005635823
-1.26704186364 0.11204287547
-3.01659999043 -0.0344329955576
-5.61074476793 4.01191870929
-4.90496158708 6.57990911688
-6.12705196907 3.37917116407
-4.50720321023 4.64045653143
6.44270333928 -0.139073573162
-2.92997355445 0.404083273238
10.4148316374 0.675331224945
0.344122520799 -0.978218489932
-0.747012776987 -2.40824260306
-0.0122389895386 0.683159385668
8.08291219415 2.26122808815
6.79184766275 4.85410226618
-1.13440618709 -0.576500803519
7.2638811023 2.24517701457
2.3967647114 -1.2226533105
11.4096297546 4.34402113863
-4.37761012762 5.4941574574
4.99114368103 4.80052794379
9.47158816968 1.21905923143
-3.28844498342 3.58892245255
-1.74316541109 1.82192838429
-2.50007181438 3.3431221426
5.83649547483 3.80327154278
-5.81030316862 4.4961378952
-6.16541028117 3.00872700933
0.150239858043 1.3539263239
3.34163343984 -0.00846709271537
-4.57759593953 4.55764512761
-1.22164309339 -2.37827350622
4.4185576665 7.84024104151
8.12467183565 5.09753090369
-3.47851146367 3.73280614211
-5.27128361183 5.44369503
-4.91532528307 5.72053142715
-5.18201011228 5.79035344079
8.37888779549 2.04367760941
-1.48498848322 -0.453574773298
1.90751113855 -0.0391575152293
-4.99543237554 2.30327186714
0.499774561631 -1.41279417113
7.35569270085 -0.537216093455
-3.88486822563 6.54583598297
-1.17993873695 0.584642363829
6.20999568831 3.09802999477
6.20224232167 9.42593338381
0.0159847195874 -3.57726676177
8.12223943349 1.62524864372
8.20857679935 4.2837419946
-4.85139165176 2.48666215223
-0.456001655684 -1.87163767082
-4.32274707254 4.85001634841
-0.599115126902 1.47122500332
7.36853558894 3.22109335292
1.31437275002 0.133996796147
3.58835385476 1.82242458124
-6.1258764405 6.64519110235
-0.843303223522 0.578319976981
8.45767591341 -1.33933598381
-3.1304779315 7.56629914188
-3.27051134086 3.11932318892
-3.42536502192 5.10355763316
5.99988320693 5.55503193873
-6.63364628138 6.38394990222
0.280161735981 1.00677083356
9.07771735392 0.381310429725
0.503959490495 1.07709206118
-6.52304576829 4.46406965182
-0.00971560576393 0.0584994764493
7.07979855536 4.96626200563
-0.250926967984 1.75488053665
4.15715013876 4.25778251743
0.298026172476 -0.975448911625
14.4042985127 4.81969893614
4.60268240921 5.5554391144
-1.58634028603 5.80294131149
-7.92184945267 9.11359397145
-3.38542423597 -1.07450600107
9.10238244966 2.51893956342
-5.86929130988 5.56796472858
-3.88630617725 6.86211591732
7.23411438672 4.18641604784
-1.74163173333 -0.221807471432
-4.9424888764 5.29730115735
0.0408502258872 0.480750856044
-6.57481195688 2.93511529955
-3.19243643036 -0.987589033959
8.94679197977 -0.886576945528
-4.71222418469 5.1544008338
1.37981412439 -1.37823465948
-5.46865612214 5.78525987046
0.601456070772 0.904355028621
-6.08434547835 3.25784666235
3.28356651728 1.68787343986
7.52142098254 0.363441832278
-1.92183709278 2.71496976473
-3.27126730848 4.80912750218
-3.31785275589 -3.53213639309
5.56957614843 1.77142078023
-6.64371784937 7.01450330232
11.5620841271 2.22755713761
6.65259399597 1.76568243571
-6.06940659372 0.0664092518849
-4.28274964669 5.20793167117
-2.83797183128 -3.35223217517
-5.18638091059 6.05398412303
-5.54358750587 4.40506199678
2.00289978071 1.09741930571
9.81974783269 0.13594399761
-5.60349197289 3.77887763463
-6.90429341748 6.97429020758
-7.11731450817 6.86609522193
4.74756994491 1.3907035651
5.14333788133 4.65782169723
-3.46624300691 4.03193548476
6.02938412883 5.33285150739
-6.88329730559 5.76322101417
-4.2820562125 4.14244439301
7.62216628944 3.40950902865
1.07258059385 -0.439888276348
0.166065522919 -0.950771335546
-1.2554275806 -0.366563729144
-5.99507198099 5.67932041304
-3.29082856551 0.496576078556
0.206984889151 -0.948660024041
-5.76447505964 5.7104058282
-0.137800036681 0.130814915072
-1.11099972393 0.832031132252
-1.39244188498 -1.47446956079
-3.31960006183 3.79781860374
4.80112363999 2.72031012255
1.81664456402 -0.0794630235863
4.47170654387 6.70460957027
2.89019314639 -0.154071834374
-5.0873675733 3.7157345539
7.22709727086 2.48375044152
-4.42099005826 1.24061053742
-1.67026132592 1.23533382266
-1.31489014048 1.56479829565
1.64098725787 -0.868675574048
-4.56880591159 6.98806686396
8.80366042473 3.14537273985
-5.83180732365 4.49391241636
-6.698531748 5.63011156168
6.1157174238 -0.953591167167
-2.25436713014 4.14261070437
-1.2247223874 -0.268203723514
12.7392208769 4.8585858721
2.3755013217 4.96781132314
4.27772100239 0.62702013387
-0.202143259417 2.08255853832
-2.08134916014 0.582457537629
0.383074391557 -2.19159641283
-1.31631504858 0.400448852973
-2.53406030819 -1.09716716866
1.0608905228 1.73689247657
-2.25311526232 4.71008154582
-3.6464927292 6.77738449048
-1.5303857136 -0.223868090018
-4.92734404101 3.9437793244
5.15810877263 3.33737556462
-1.82202549225 -0.503020518961
10.035103342 1.47496822152
4.62429335738 1.56114891566
-2.54840410296 1.7588326315
-5.86496718015 7.35618094507
-6.73594327163 5.51704534836
-5.42291801713 4.44723468014
-1.64387940581 -1.32058853094
-5.71500961423 3.78970859361
-5.83794100702 2.00094156677
-5.30513492589 4.74318552413
10.0274722537 1.10911924942
4.07772225809 1.55316977721
-0.237547618293 -0.210486057088
-3.60115178273 9.56911347591
1.24639508802 2.49432141079
-1.22226226967 -0.540884751317
8.00649154575 4.24980724626
6.63759459603 1.36005884071
6.47393261768 6.87871365812
-0.213701367998 -1.94069927482
-0.199093252054 0.720876090378
-3.93490681573 5.71106421303
-6.10102956864 4.55873185991
9.17006770042 3.60831484017
6.04011178077 3.44666517311
-6.65826208273 5.84442704384
-5.99058156624 3.11505582942
-4.23433110546 0.479012963895
-4.31216822171 5.62515956593
-6.13498634523 7.50981240719
-4.00864423748 4.61827814859
-1.81766968387 2.83755593469
0.751294950077 -0.413921089363
-4.00253585248 3.41226923252
9.46522324514 0.558977065903
5.93249451359 2.45958280234
0.47344823439 -2.03915117832
-3.42668581939 4.1837657828
8.35770113486 1.62272399234
6.43742841459 4.89697751711
-5.47153677634 7.25765445741
-4.81146120359 7.77729956664
1.327624365 1.21858676631
-4.6568690578 7.25027642553
12.0223985469 0.680067718266
-5.89869962093 5.74383784023
-3.95631788823 0.788450597491
-1.2306437302 -0.0746213172715
1.49829953159 0.628530464
-0.380477830238 0.737822511496
-5.0395200303 4.32182370732
-4.42516685596 5.40026998096
1.18013901224 1.28019642586
6.00653316122 7.23507433513
-0.904696533236 1.30920194893
-5.2042419937 4.52460506323
10.4617131507 3.56311512393
-1.14591077223 -0.369701307993
4.4018868805 2.75834235031
-3.4934674901 5.0738320884
10.9849539917 7.59847015027
0.0741577867117 -1.08992625576
-7.61778117019 7.60922752104
-1.93848619774 4.08218072377
-0.575491088925 -3.21516367994
-6.32756867652 5.40483785048
-4.78948088682 7.65326221998
-0.500367627736 1.89047762509
-1.25654828681 1.80458829615
-1.78194717414 -0.33618124246
-6.34424334969 3.258915701
-6.10915861785 4.47474734751
7.47160188952 4.2727693565
0.250913301237 -1.13127250729
5.94022766077 4.06877151309
5.90774409525 5.40145649122
11.6779675288 5.92389874528
-5.53108405213 4.012029811
5.21905640993 3.07238442995
6.85940841108 0.195500151973
-5.90085899518 4.70593398403
-0.825463914442 -3.04712442334
-4.98656263482 6.11779501364
7.05331249902 5.6226880917
0.674663326897 1.02310747338
-0.617663745151 2.01299696177
2.97328659892 4.28858494864
8.56375167157 3.18681050246
-4.58651894831 6.30015676697
-7.30946210909 5.82574929176
0.622150472633 -0.0853091386505
-6.96407483099 3.9785834152
-1.26949325602 -2.29230931153
8.09954224782 3.33178137844
6.48389730989 2.45170784754
4.73342534416 3.0996620087
-4.29209268421 -0.986518393348
-3.03080314756 -1.33318115016
0.441166418105 -2.42781135107
-4.57587804827 -1.13398075264
-1.44830590151 0.386417741866
4.72616808463 1.7205609685
12.5171636191 0.0698262427721
-6.88463050366 5.43474164985
7.07719308908 1.21618708239
6.84852067993 6.7757089545
11.2027317278 1.04371223536
1.56521328958 1.46936416663
-3.24112617193 3.98168524202
-5.57037750312 2.7699673218
8.73124539723 5.54261093287
-4.92759847538 4.65496885935
-5.08189472543 5.50680333671
-4.62871150208 3.82619232216
9.83961775958 3.39203021249
-1.05059256506 1.54840794372
7.82905562966 5.12107211176
-6.17050400606 1.91024084017
-3.19786319532 1.49649826379
-2.35951930523 -0.207338418144
6.93977833648 0.413352554637
-3.53621450377 4.36047760632
-5.89601597449 4.78266315094
-3.18543784605 7.56583354701
10.7911725072 4.81340942286
8.60096918487 2.49621320385
-4.79947347966 4.67125743274
-4.9430696475 7.57061452011
7.68726920326 3.34953920171
-2.39853917752 0.868880506193
8.08424104745 4.12954659556
-1.12992608098 2.64393630228
-2.03713299329 -2.44956472891
4.80858277759 -1.18775243251
-4.39883258278 3.78737810988
-4.2866379478 4.40744197429
-0.745794171813 -0.956534088864
4.0359598215 1.35296666699
6.00400277267 4.32534016237
-2.62969659197 -1.93945648655
5.51821528769 4.96062959111
-3.54343006014 0.700638093901
2.30230342036 -2.3647741231
-3.33094366864 0.401823913339
-4.77541093228 5.00856636412
-1.25872860492 1.81373126264
5.39758816508 5.3929718485
-2.67930878281 -2.04833879333
6.96340289213 1.69322473638
-5.73686829355 7.87523766502
-2.34916184618 -0.268683387712
-3.7472140837 5.78850927036
-0.80427453025 -0.201213585305
9.27874728211 2.13761085236
-4.4148106791 5.34646922293
-7.56922522317 5.96551715066
-5.32501155453 7.52175013969
-5.74191115525 5.03276428645
-4.67995469912 6.27714612814
1.61425088776 0.645406680471
-1.36039177927 0.754346625557
-2.45659443089 -0.802655686626
-7.42561812049 4.93847207663
-5.04137627224 5.50888346492
-1.08397058644 1.52352270006
6.436384453 2.46800885981
-2.03375312857 1.46803833072
-3.8078859873 4.26842064089
6.88023587555 2.42397146408
-0.516049661416 4.98017031036
-6.2378375636 3.9997365979
-5.86980239706 4.46530120511
-4.92018854734 5.83436193247
-3.88266466843 4.5630580517
-3.75222056418 3.75483098777
6.79352953387 4.8051473269
7.33730174754 5.82696661393
0.035891058744 -0.554298602455
-4.26140172777 3.46400011281
-5.4361725023 1.63734919746
-1.52164902341 1.49243690599
-6.36337451975 6.28095712017
7.30556956096 1.5437099414
7.85018039652 4.94771226577
6.06414080041 -0.22545009879
-4.96264157275 4.1083296543
-0.499548476944 1.73993100987
-4.81360930843 3.74619782736
11.2010689964 2.9066068683
9.68092115995 1.00856093136
1.01079168154 -2.41372393697
7.75287921161 0.0433410271201
4.79421332734 2.99496036579
12.2667806753 2.70188786544
-5.41218045556 3.77643375695
7.71535588895 1.11586593742
-2.46644163366 -0.986276869071
-2.89113407342 -0.594991657812
-1.98852175744 5.30051731337
-3.13728423465 2.47546600468
4.28299448974 2.1209103273
6.16333081854 2.7750447741
3.71394085439 -0.736935414826
-0.281615272261 -1.95680559278
6.12589921314 6.66011417649
-5.3372791729 6.51905142731
-0.689869492605 -1.6731402044
-4.36718233678 -2.36744942678
7.51593690601 0.592371276477
11.5215589531 2.50629541126
3.99176731839 3.12074715551
6.47734630149 4.7877156376
1.11313529612 1.19359364323
6.56604341535 1.90325750503
4.0076500217 5.03873283246
-3.69027305328 5.86534167589
-0.644632668824 0.474669933497
-2.97295491766 0.696271086468
-5.82714464138 3.04088994801
0.132027895943 -1.04551126002
-2.12573325565 0.824903153293
-3.00638645114 -0.942505232285
7.75529892087 6.28104718707
10.1691576904 2.08844062642
9.86975861326 0.138739837138
8.24506861302 3.65241379426
-5.77716118344 6.33474692265
-5.57519630195 6.54327700823
-1.19916046191 -0.092223111304
-5.16377178835 4.78461513141
-0.633090029978 0.693140066069
5.51423328036 3.1109868245
5.83507281253 4.3746222592
1.93514098005 -1.84195355475
8.21190189995 2.23089488785
4.08190406966 0.95122748178
-0.124160739061 1.54995035966
-6.08014684608 4.37508338742
-5.88554992153 4.3297194948
7.35002403252 4.47571023984
0.394231487326 -3.08202307248
8.00590358058 3.88733443294
-6.25893054309 5.58721677456
-6.66636533375 4.70116726984
-5.52043783802 7.22688704787
-5.80068635201 4.31976470077
10.0687925351 5.83409880892
6.50578959966 3.53484570032
8.10325736742 6.39685364794
-4.73391908666 5.78185755791
3.23014168009 1.70691843019
8.93113512219 4.71742966178
0.364008380296 5.06091247599
-0.313925136222 1.53259739116
-0.64234358628 -2.13752958685
-4.19283084557 6.7458131806
-1.35760985088 3.67837033646
4.18658040391 4.95065491917
0.0801739126926 0.718245117054
1.58190377162 -1.74221461708
7.13267767806 2.52371979725
-4.56713157443 6.42476641369
5.31900961747 -0.66681650975
5.5622587734 5.04171804867
-2.81175781986 0.7996943036
10.4778882366 1.59481285638
2.2952882242 3.34937601275
7.85859833464 6.72535653109
-2.23989468126 1.98143432639
0.765779000139 -1.07632732516
2.18596226736 -0.404829616188
9.18383259286 5.31136086246
-0.624595076606 -3.78070441902
9.70258399535 5.48398849478
9.89226308342 4.09038486786
-3.56443409734 -2.4481481898
-1.85830742829 8.40798198812
11.1111106495 -1.63309978699
-4.06526326867 2.84130601142
2.28767387293 5.94439167005
0.22653823789 -0.477109480808
-6.56308130946 5.72136534556
6.0255016837 2.49942461368
-6.83270211167 6.66164727121
-5.32616176526 4.93918059974
-0.846667164213 -0.653463260602
7.04497463473 2.34782582641
-4.69470760276 2.89203234429
-0.233271472799 1.36240549978
-0.3800323631 2.01600779303
-2.23055545534 0.343527481277
-4.04692287421 5.43858934949
-8.94741377141 5.74166792682
-4.28323343303 6.98311758436
1.72417387575 2.00794489321
-3.81084692325 3.7886355111
8.41174929337 2.51179130465
-6.71375418699 3.4685995882
6.61899386176 2.31885233132
-1.28217967734 -0.780143674963
-5.89873691553 4.38919932485
-3.47341089075 4.19629084992
-2.26810888368 -0.93847898427
-0.642415034768 0.706368473182
7.33621805448 1.64952617518
0.682400074828 -1.17246743237
-4.69570378155 4.84319885494
9.52916344345 1.12518993313
-0.754790232156 -2.49947065243
-6.38599843208 3.70707985643
-6.80580113235 2.52111389104
8.17630538614 1.19700932979
-2.99236038689 -0.0921146418908
-1.67972220719 -3.01381757184
4.75016714007 3.99489311747
-2.71470276087 4.19740934323
0.264611912086 -0.311169672197
-4.0273929715 5.48953573128
-5.41182688076 4.17060505689
-0.930220728096 -0.0881478486302
-7.26132607671 2.94971549877
-1.69035734041 3.2863548947
-5.14620469833 4.18762900217
-0.116267339396 0.132278293566
0.950507897785 0.70495232202
3.85408767134 -0.208094440534
0.785768008332 -0.464674949533
5.61292350764 3.74364660663
-5.90378816209 5.71826500793
-2.16454234176 -3.45484188178
-1.3372137696 -0.781745047945
12.0563988441 -0.793501745591
-0.620256881467 2.22849666836
-1.41492376076 -3.61261035411
-7.37140958217 5.30721896816
11.7308005538 6.03374183651
6.26064953579 4.30268658141
1.36576386247 1.02039856708
-3.36493481831 4.39117337645
6.52376940265 1.17165914354
-3.92893190468 -2.49539570234
-2.86816902606 3.42638134133
-5.52808720392 4.48594225299
8.67821838238 -0.817606450004
4.61170057765 4.03993003679
-5.37739912807 5.12133089881
6.2158627805 0.625136445757
-0.565582406879 -1.09787964101
10.3760381709 5.6417068762
-3.69355867668 6.93649617419
-6.3103546246 3.97296019654
-0.0302011350922 1.05771116818
8.48133382698 2.67566319462
-2.50167609671 -0.540956981259
-2.62697743527 -4.14285352591
-5.04202126638 4.52472200486
-5.62160316282 6.87624939136
-1.09495428063 0.963658327536
-1.67364255826 -2.13766390024
-6.78396806068 5.09021752751
-4.22088718144 3.11035875423
-2.70446414283 -0.782283170286
9.53919624346 5.21020039681
-4.4770042341 5.03601627993
-2.05939430739 -3.48713878106
-0.422605862448 0.95420692837
-0.367562315739 1.66149565382
-6.12358861573 4.47200508769
6.75823200614 -1.00301448032
-5.87948901598 5.32295167748
-1.74954394675 0.719058365169
-4.48267867605 4.98087291135
-2.03203792331 -1.742993738
-2.93430250204 -3.39716230678
8.21724492091 -2.97948420831
1.96399434858 -2.86065754853
-1.47045197097 1.69624761096
5.87481582721 3.17081005732
-7.20036256975 3.60322942161
14.1505874363 7.29470250228
4.62078718263 1.35290173648
9.1464765168 2.51675104555
-5.72103858089 7.47124563899
-5.20464313021 5.61973317711
12.4000310071 3.5136651166
8.11748013948 5.02907456549
-3.75953848284 -0.672526895676
12.3059974326 0.339344744872
-1.2935357218 0.0428152160852
1.65248276324 -1.40881484118
7.43775338851 0.974639249266
-2.83341204405 -0.984947453662
-4.41171382051 5.17564971743
8.02297920514 3.64575602427
-7.64818295246 5.05165201824
-4.27790251628 5.88203675114
3.30587079713 4.73286774337
11.4703350423 4.65235840779
-4.20014434746 3.83601131664
6.46634881888 3.80949284757
-0.963479388894 -0.563951964507
-6.51987736428 6.18778219388
7.47808816205 0.688982068158
2.15971536409 1.54701237791
7.37101686284 2.50891294521
-2.53553658335 -0.186116806005
0.518232617403 2.69884879701
-5.09278998184 4.19677803554
-2.17572102534 -1.67680834686
9.03448117877 6.64838439669
-6.68846220194 2.0377041963
10.6529301411 3.33585913388
-5.71252427297 6.16768776328
-4.7900335867 5.28744052496
0.465261966454 -0.091945739598
-7.18386976241 5.42355405005
9.78563758099 4.828171868
-3.68066246705 5.30378884088
-4.05031209968 -0.192232813903
-5.01467758608 4.42054263889
-0.693730621892 -0.778839158609
-3.45758883144 2.90682629751
6.68243688146 0.348136996351
7.34033131936 5.37433678573
6.09725198355 0.335486938238
1.25111967408 -2.4210298947
3.47106696395 0.640108798585
2.0563888197 -0.670705179077
0.194686886201 -3.19402471354
9.34798255723 3.41515961598
-2.11465217787 5.20229968047
5.38886843719 0.168893487396
10.3099416256 3.10486184126
0.713629199577 -1.06520737569
0.409734615156 4.25057147664
11.9960124887 -2.74589962959
-3.69954194458 0.85134551143
-2.0416102323 -1.67763203565
-2.79690513645 -1.14767807761
5.54767931389 4.84359219965
8.67017175107 4.38095145295
-6.2179209425 5.49413841323
-3.90648941182 3.59561708058
-7.29169835459 6.55677970901
-7.08904094368 2.91619797248
8.51410823145 1.0044099938
-3.36895695596 2.60487309239
-1.92143232988 -0.787891978559
0.725417513399 -1.29654275883
-3.316797803 -2.32428312588
10.2847285331 6.38482513884
-2.82741151937 0.889175415758
5.64338103535 6.25252608495
-2.65140415015 -3.14414712249
-5.57082658751 4.10506783198
-1.8237751527 -1.04452967994
-1.67330713033 4.21150362457
-6.72562408481 5.34540897472
5.45850218237 2.65839111306
-0.25708406682 0.747745361825
-4.41101151712 5.4574390927
3.92564943845 1.25111760692
-6.50127620936 6.78593220415
-4.93939407848 4.39699329902
-5.53653032487 7.32384568351
-6.16237899486 4.47005957706
-0.574152427242 -2.44879938884
-3.29037373199 3.69706838138
-4.79395269714 4.55583743625
-2.27293422514 0.188063809901
3.13954307461 -2.51321710895
-3.4519947282 6.06137334302
-1.52737272314 -1.34808114519
-5.1122302119 4.99235445958
9.95173133709 3.89677483042
1.8364570929 0.117022260136
9.19642526717 -1.40526487311
-8.24228490751 5.37343733531
1.32061825892 -0.143044500839
-5.89591573036 5.67831591374
1.43458895745 0.540682095152
-5.56996771075 6.28573966586
9.65274761139 1.42541417042
-3.28869298288 3.85244781149
-7.79488244645 7.42820719
0.628019342214 2.11538625606
-0.820275151079 0.217505006634
-0.330813787103 -1.02990267516
-3.29705381528 6.70275149238
6.02254294381 2.42277277982
-4.29299098808 6.21824602178
-4.82756521499 3.70482942794
-0.371778677001 0.123632983069
-4.0357965861 5.07032761396
9.00757593148 5.51485931921
0.693711342649 -0.785989284886
4.0655127317 4.65738958502
-3.34049221058 7.16876514855
2.80136248987 1.4615924457
9.50756621897 2.1474754469
-2.84968587638 0.273054218365
5.19441191663 2.75946599754
-2.02743473982 -1.02957038427
0.189895774648 6.132751417
7.46957199478 5.66225109929
8.98126191507 1.36673812395
0.70321630795 2.40652757363
-5.55363771599 4.5255893207
7.04445634892 1.46720766734
-0.090510977889 -1.63034739387
-4.55734987103 6.04507384986
1.15812362785 1.16332718519
-3.8971090728 4.70621901888
-2.65650196924 0.545625412552
12.2323224908 4.39670680353
-5.87989101098 3.96941911963
-5.52316963798 4.74469362925
5.58684414959 3.48862373826
-4.96075349005 5.83053701531
-2.17483421018 1.17870444488
10.4667841855 -0.463470075983
3.21419746536 -2.72031053719
-5.67171539772 7.97492263523
-2.49819822414 1.93088770122
4.66638374353 3.889393611
-5.05641680264 7.02586142702
-5.79264142061 2.45553291522
-2.94728650987 7.13702621248
1.74017725661 4.76062039162
1.27085172804 2.3580294447
-3.32500502722 6.5482162875
5.88340702534 4.29506430356
6.87137845817 3.93569907311
-2.60478239446 -1.58470753036
11.6014139492 2.14128473163
1.38895483541 -2.46751993098
10.9989901875 6.20168187155
11.5735476463 4.43528361557
1.6472086693 0.291440719874
-2.874511724 2.73202882208
-3.63998238609 3.45045194143
3.9798903486 3.1408704866
-3.46080206894 6.01611230115
-1.64216618031 0.998982797562
9.41057146315 1.0592992509
9.68751746821 1.14562503602
-1.45298703936 -0.766273842886
-5.74288270239 5.30371117439
-1.68753726892 -0.460753806796
-6.06451733996 8.42611876296
-5.02047886473 5.85132800979
-2.15797819824 1.62760734316
-0.914990404578 2.32027071154
-6.17830733197 5.71002040116
-7.41648762943 3.75230699227
9.02991230117 1.71226729467
-6.76001889189 4.34877840108
0.03508397023 -3.32697081227
-0.106586301306 -0.901789881823
-3.93481751141 6.64827743585
0.593429235295 -0.0387688788747
0.672228137544 4.09559958119
3.13692302187 -2.75187780769
-2.75108557584 1.34322131583
9.53977161666 -2.35892600201
0.72284862612 2.65394143085
4.58668582189 2.33347801766
-2.6732057875 -0.665294449648
6.89939984356 6.89831907763
9.68222630288 9.8906169577
6.41602235516 4.77542310277
9.27136709614 4.87062377089
-5.29629571443 3.93447077953
-0.0976208919499 1.60586810415
-1.09154471342 -2.5603367773
-3.36332042501 7.46787912514
5.41628538155 5.55589989626
-0.292000026257 -2.50526293606
1.20033916612 -2.08579742446
-1.86738643779 -0.15428708756
-2.29070086315 -1.07612117521
5.51631222685 0.871642935299
-5.00946402706 6.14930780107
-6.33125917259 6.10410998589
4.41984638203 3.62062783881
-6.00482982327 3.86453348019
0.644098044605 -2.80448707677
-5.36935578555 6.23195100988
-0.912444991591 0.122475152722
-1.13548429939 -0.520804364826
0.911267570159 0.426398806075
-4.85987712908 5.21743347508
0.802841755552 3.01394854463
-0.135736557424 2.19203501072
6.41385696509 2.31248152726
7.21297383568 4.82759475359
-0.2496872596 -0.210352875309
8.72146510694 1.36394945458
9.06162050274 -1.42768495476
-5.4917019809 4.00358410145
-1.30816775247 1.01486161579
5.70251012527 2.52300948338
10.4057440478 2.14216951422
-3.48517032772 1.37787539531
-9.18434046468 2.70780676119
5.15909493214 1.3050878034
11.2672482367 6.28717155054
-3.66073037917 4.9963956477
-0.445735969034 1.99931641007
-5.59091754961 4.42927190706
-0.24411517967 -1.14727496194
-5.36314665604 4.05172388413
2.44079112904 1.22964363783
-2.90043223844 3.23033919042
-1.49063335239 1.43716968138
-6.29989894714 4.04614516668
-3.31863022665 4.4389020463
-5.62238110724 -0.516511637087
1.80888543233 0.213385325118
-3.48652603689 4.75138054133
-5.5140879171 1.84213837035
-1.94594114095 2.86002982067
11.8529095847 0.245990729948
0.050009651241 0.0161232750194
5.93252934765 6.89863617445
-4.63469127074 6.41934010108
-2.55615300951 -0.125275795316
-1.03148629885 -0.607059420988
-4.66485969269 2.69907077896
-6.47922726721 6.63675065303
-3.9993557268 6.10981300714
8.47739558895 0.691650930373
6.30251536077 -0.0627231965443
-7.16008612274 3.48546903045
1.69217767283 4.96197923838
8.13112779967 4.74652226903
-3.51820215302 -1.57515263261
-4.92425854747 4.97715748125
8.16306851354 6.93541351733
-4.4232838185 3.92614399093
-4.16282970713 6.0773465254
-1.92364493926 0.541650065508
-3.53966630436 4.45565350518
8.85172894213 4.49410570494
-6.94326351388 6.58722244369
8.84273452278 6.16642861577
6.5783755748 5.90799296779
9.03911560504 3.18262594
5.24670430519 2.96258058521
1.19369652107 -2.11867421094
0.191437082047 -3.20856990315
-3.94433686877 3.95753216319
0.0221492843408 -0.695837228389
4.77468706947 3.79726358427
7.34991118314 0.609498083406
-2.81930234502 7.68708529577
10.0467663362 4.06068311193
-2.57893681924 0.721558035124
-2.56570327359 -2.18830968452
-4.75345485223 3.95561934142
-0.85456120398 -0.417491682284
-0.8001422681 1.5764347633
-5.57557879131 6.35429388889
11.1047831132 4.54910408975
-5.64551585602 4.15556878949
-7.24672734012 5.28364077421
1.88464036565 0.479884507395
-0.125439148502 0.998774611102
10.1698700473 1.47971347931
-0.634740487075 2.41069011435
0.206945032747 -0.68265938391
4.71788788181 4.10407443194
8.38314770656 3.56566602299
-3.68776701724 5.27823047232
-6.68453525808 2.74886567551
10.54204832 2.08475448083
-1.87363820892 -0.998427707028
9.59112981404 3.07799619062
-4.60854474483 4.06521291397
-4.12127637562 1.03274469509
-2.04672629856 2.78699599376
11.4997072885 1.85605536828
5.34416351658 -2.51423744703
-6.48246809576 4.21907440441
8.76303011949 0.951105845438
-3.97862095811 8.16294966588
4.97593709054 5.09681436178
-3.57216518955 2.76951199448
0.267119589919 0.775616781762
8.50184558654 2.2611892083
-0.189082078377 -1.17804513353
7.74038421989 1.4048250952
-4.7453191581 5.93057805307
-3.82874084858 5.96589050816
-5.25238035795 6.18757581601
6.51743387378 4.71402743192
-2.09673747596 0.998026071975
7.00182521392 3.46190111575
7.02177975651 3.03325266491
3.47944342138 4.11541539201
-1.7205428111 1.97825965633
-4.85844147397 5.48405481562
-1.04267238826 1.28386043521
-0.237878561958 -0.199059916766
-6.87969522499 4.91538370448
-3.58135205113 0.444219272268
-5.37501838296 -0.213737393386
-5.63776018117 2.76693288804
12.5364174493 -0.106777736224
0.255553388207 -0.0627205648999
8.63141803698 9.21831089692
-0.56921603309 -0.672095634068
-3.68971967602 -0.212900775698
1.57216363584 -1.88296367135
-4.68230760267 3.43645593716
7.14438797446 2.11201427924
-7.17956476416 -0.216712854942
-1.18620699755 -0.771430404093
-7.42249321885 5.99859931808
-3.40278817331 5.11195027778
9.6831335723 2.96221799109
6.23114341749 0.326217055629
6.98330338196 0.294906138206
9.26964702137 5.85352359524
-3.96660802757 2.33489732619
-4.35980885867 5.60523704553
-5.34636597843 4.25829815088
7.42213817288 1.86846211059
-1.60915312882 2.37437448694
0.350172458102 -3.55365403423
-0.997542181545 -2.49188187824
6.69072835806 -0.372689559549
12.1538498656 4.54422101847
-6.72607593504 4.86972383947
-5.73384965318 5.49522412447
-4.92219249343 3.80911019725
-1.90054946659 0.591695545899
-2.10415678948 6.77475246026
6.31455805754 6.42554496306
-4.91873666165 6.2747447358
8.71455108093 0.971288935348
-0.165961000654 -0.192060963068
6.45698477591 -0.0638155834083
-6.93034676986 2.63380187201
-6.56566831275 6.02380684422
-0.0845697588972 1.21333932677
-5.6523945391 1.89117869878
8.32031486943 1.73083556494
-1.46891052799 -1.52598958384
-1.61603429594 -0.354859913254
9.61223054408 -1.71636815304
-0.44548325495 2.99224936476
-5.3246906038 7.0403434056
-4.0631845961 5.16103765605
8.15462017118 3.48330747224
-2.25369056157 5.06599916345
-7.32881189034 4.38304574077
0.122311466655 -0.393017511878
5.40337066882 7.11907280748
2.9444331716 4.85848252443
10.4984581127 4.05786274147
-3.7056663168 -1.6479881416
0.152328752609 2.26087958265
-0.512924984632 0.358313863269
-1.98591804481 -0.729676747334
-0.817547078109 -1.59318716386
8.07651173913 3.89136830992
7.34545062529 2.77080498822
8.4171084273 6.57836723638
-2.46318698348 4.45767725064
5.58260511652 5.26370719547
6.59258554486 2.56920044069
6.08228365149 4.85762888183
6.65059268563 4.57067702182
-4.36300820125 5.78791122634
-4.85938947965 5.93646392479
7.29224238278 1.94248182725
-1.74538954774 0.650274712191
-2.46106930977 -0.950431902723
-6.62890613016 7.74687634984
0.0372320317553 -0.229415557051
-0.360140093895 0.824764714913
-0.945444625541 -1.22356472326
-2.59291685468 4.56156733045
7.17443921792 1.62314625303
-0.237036263645 -0.665465518395
-0.875075060189 1.22265990687
8.34632004086 1.88267813867
-0.328649846829 1.25262295601
-2.38009529901 4.37313160619
9.70223181418 6.21974626292
-5.73041668855 4.18393150322
-2.30028417141 -0.984388592299
-1.69049809683 -3.22653310274
-1.25568637237 -4.22190839518
-5.02311136558 3.91410276859
-6.04429356525 4.07844911651
-1.41894339237 3.86046180787
-3.48336660008 2.52132694784
5.30209324248 2.17691658345
-0.796635478674 -3.71849527036
-6.89360323193 8.10646428146
1.87706872502 -0.373512514064
10.3049341742 0.653488607589
9.5436683 4.35213472552
2.89564277025 1.93173571727
3.98130852254 6.01163006608
0.585889973795 -0.82768648683
4.0063742841 -0.106767849714
5.34344366836 5.48909083394
-3.47062271578 5.57043504462
-4.8407104804 4.7965636065
5.27267687966 -2.74304747095
-4.17005538673 5.47605587903
4.28188544104 7.31715917503
-7.23003665202 4.00256955291
5.30849326739 5.84994759781
-1.91005575124 0.0302679956531
-0.821201602035 3.69265162666
9.47646497178 6.31833164116
3.83062211411 2.21535215279
-5.9155698344 2.12659930495
5.03425522883 4.65610050327
-5.81031802899 5.80070588984
5.80788820723 0.971690557959
8.59032033172 3.6675815054
4.38731312467 2.7324697369
5.36269064164 0.522337990756
